  Hugoniot 
  Temperature,    Density,        Pressure,       Int. Energy,    Sp. Entropy,    Part. Vel.,     Shock Vel. 
  K,              g/cm3,          GPa,            MJ/kg,          MJ/K/kg,        km/s,           km/s
  2.980000e+02,   3.320000e+00,   1.803355e-04,   1.927091e-01,   1.122531e-03,   0.000000e+00,   6.596002e+00
  2.983565e+02,   3.325000e+00,   2.188323e-01,   1.927587e-01,   1.122530e-03,   9.951690e-03,   6.617874e+00
  2.987131e+02,   3.330000e+00,   4.397265e-01,   1.929081e-01,   1.122533e-03,   1.993936e-02,   6.639805e+00
  2.990697e+02,   3.335000e+00,   6.623004e-01,   1.931579e-01,   1.122533e-03,   2.995001e-02,   6.658887e+00
  2.994254e+02,   3.340000e+00,   8.848203e-01,   1.935072e-01,   1.122522e-03,   3.994441e-02,   6.670716e+00
  2.997810e+02,   3.345000e+00,   1.107174e+00,   1.939555e-01,   1.122513e-03,   4.992010e-02,   6.679310e+00
  3.001366e+02,   3.350000e+00,   1.329368e+00,   1.945022e-01,   1.122507e-03,   5.987731e-02,   6.686300e+00
  3.004923e+02,   3.355000e+00,   1.551407e+00,   1.951468e-01,   1.122505e-03,   6.981622e-02,   6.692383e+00
  3.008482e+02,   3.360000e+00,   1.773298e+00,   1.958888e-01,   1.122508e-03,   7.973703e-02,   6.697911e+00
  3.012045e+02,   3.365000e+00,   1.995046e+00,   1.967275e-01,   1.122514e-03,   8.963993e-02,   6.703075e+00
  3.015612e+02,   3.370000e+00,   2.216658e+00,   1.976625e-01,   1.122526e-03,   9.952511e-02,   6.707993e+00
  3.019185e+02,   3.375000e+00,   2.438139e+00,   1.986934e-01,   1.122543e-03,   1.093928e-01,   6.712738e+00
  3.022766e+02,   3.380000e+00,   2.659495e+00,   1.998195e-01,   1.122565e-03,   1.192431e-01,   6.717359e+00
  3.026354e+02,   3.385000e+00,   2.880732e+00,   2.010405e-01,   1.122594e-03,   1.290762e-01,   6.721891e+00
  3.029952e+02,   3.390000e+00,   3.101856e+00,   2.023558e-01,   1.122629e-03,   1.388923e-01,   6.726357e+00
  3.033561e+02,   3.395000e+00,   3.322872e+00,   2.037649e-01,   1.122671e-03,   1.486917e-01,   6.730777e+00
  3.037182e+02,   3.400000e+00,   3.543786e+00,   2.052675e-01,   1.122720e-03,   1.584744e-01,   6.735163e+00
  3.053292e+02,   3.422000e+00,   4.514743e+00,   2.129767e-01,   1.123034e-03,   2.013256e-01,   6.754275e+00
  3.069776e+02,   3.444000e+00,   5.484324e+00,   2.224482e-01,   1.123534e-03,   2.438735e-01,   6.773390e+00
  3.086754e+02,   3.466000e+00,   6.453005e+00,   2.336475e-01,   1.124260e-03,   2.861331e-01,   6.792721e+00
  3.104261e+02,   3.488000e+00,   7.421256e+00,   2.465426e-01,   1.125086e-03,   3.281186e-01,   6.812366e+00
  3.122495e+02,   3.510000e+00,   8.389541e+00,   2.611044e-01,   1.126186e-03,   3.698441e-01,   6.832382e+00
  3.141601e+02,   3.532000e+00,   9.358320e+00,   2.773058e-01,   1.127629e-03,   4.113233e-01,   6.852801e+00
  3.161716e+02,   3.554000e+00,   1.032804e+01,   2.951223e-01,   1.129456e-03,   4.525696e-01,   6.873643e+00
  3.182982e+02,   3.576000e+00,   1.129916e+01,   3.145316e-01,   1.131714e-03,   4.935962e-01,   6.894921e+00
  3.205453e+02,   3.598000e+00,   1.227210e+01,   3.355133e-01,   1.134275e-03,   5.344155e-01,   6.916644e+00
  3.229333e+02,   3.620000e+00,   1.324731e+01,   3.580492e-01,   1.137289e-03,   5.750402e-01,   6.938818e+00
  3.254804e+02,   3.642000e+00,   1.422521e+01,   3.821231e-01,   1.140860e-03,   6.154823e-01,   6.961449e+00
  3.282024e+02,   3.664000e+00,   1.520623e+01,   4.077206e-01,   1.145037e-03,   6.557536e-01,   6.984539e+00
  3.311038e+02,   3.686000e+00,   1.619079e+01,   4.348290e-01,   1.149647e-03,   6.958657e-01,   7.008090e+00
  3.342086e+02,   3.708000e+00,   1.717929e+01,   4.634375e-01,   1.154887e-03,   7.358297e-01,   7.032105e+00
  3.375368e+02,   3.730000e+00,   1.817216e+01,   4.935367e-01,   1.160864e-03,   7.756567e-01,   7.056584e+00
  3.410942e+02,   3.752000e+00,   1.916978e+01,   5.251191e-01,   1.167417e-03,   8.153572e-01,   7.081529e+00
  3.449025e+02,   3.774000e+00,   2.017256e+01,   5.581783e-01,   1.174679e-03,   8.549417e-01,   7.106939e+00
  3.489840e+02,   3.796000e+00,   2.118090e+01,   5.927098e-01,   1.182787e-03,   8.944204e-01,   7.132815e+00
  3.533399e+02,   3.818000e+00,   2.219518e+01,   6.287102e-01,   1.191469e-03,   9.338030e-01,   7.159156e+00
  3.580053e+02,   3.840000e+00,   2.321580e+01,   6.661775e-01,   1.201103e-03,   9.730992e-01,   7.185963e+00
  3.629808e+02,   3.862000e+00,   2.424312e+01,   7.051109e-01,   1.211387e-03,   1.012318e+00,   7.213235e+00
  3.682992e+02,   3.884000e+00,   2.527754e+01,   7.455112e-01,   1.222652e-03,   1.051470e+00,   7.240971e+00
  3.739614e+02,   3.906000e+00,   2.631941e+01,   7.873797e-01,   1.234586e-03,   1.090562e+00,   7.269171e+00
  3.799998e+02,   3.928000e+00,   2.736912e+01,   8.307195e-01,   1.247499e-03,   1.129603e+00,   7.297833e+00
  3.864223e+02,   3.950000e+00,   2.842703e+01,   8.755345e-01,   1.261212e-03,   1.168603e+00,   7.326957e+00
  3.932490e+02,   3.972000e+00,   2.949350e+01,   9.218296e-01,   1.275778e-03,   1.207569e+00,   7.356541e+00
  4.005011e+02,   3.994000e+00,   3.056890e+01,   9.696108e-01,   1.291273e-03,   1.246509e+00,   7.386584e+00
  4.081944e+02,   4.016000e+00,   3.165356e+01,   1.018885e+00,   1.307657e-03,   1.285431e+00,   7.417085e+00
  4.163420e+02,   4.038000e+00,   3.274786e+01,   1.069660e+00,   1.324818e-03,   1.324342e+00,   7.448042e+00
  4.249675e+02,   4.060000e+00,   3.385213e+01,   1.121945e+00,   1.342871e-03,   1.363250e+00,   7.479455e+00
  4.340886e+02,   4.082000e+00,   3.496672e+01,   1.175749e+00,   1.361794e-03,   1.402162e+00,   7.511320e+00
  4.437233e+02,   4.104000e+00,   3.609197e+01,   1.231082e+00,   1.381567e-03,   1.441085e+00,   7.543638e+00
  4.538900e+02,   4.126000e+00,   3.722823e+01,   1.287956e+00,   1.402174e-03,   1.480025e+00,   7.576405e+00
  4.646076e+02,   4.148000e+00,   3.837582e+01,   1.346383e+00,   1.423602e-03,   1.518989e+00,   7.609620e+00
  4.758951e+02,   4.170000e+00,   3.953509e+01,   1.406376e+00,   1.445837e-03,   1.557983e+00,   7.643282e+00
  4.877721e+02,   4.192000e+00,   4.070636e+01,   1.467947e+00,   1.468870e-03,   1.597014e+00,   7.677389e+00
  5.002543e+02,   4.214000e+00,   4.188996e+01,   1.531111e+00,   1.492590e-03,   1.636087e+00,   7.711937e+00
  5.133648e+02,   4.236000e+00,   4.308621e+01,   1.595883e+00,   1.517064e-03,   1.675209e+00,   7.746926e+00
  5.271244e+02,   4.258000e+00,   4.429544e+01,   1.662278e+00,   1.542297e-03,   1.714384e+00,   7.782354e+00
  5.415484e+02,   4.280000e+00,   4.551796e+01,   1.730311e+00,   1.568140e-03,   1.753619e+00,   7.818218e+00
  5.566617e+02,   4.302000e+00,   4.675410e+01,   1.799999e+00,   1.594697e-03,   1.792918e+00,   7.854516e+00
  5.724807e+02,   4.324000e+00,   4.800416e+01,   1.871360e+00,   1.621824e-03,   1.832287e+00,   7.891246e+00
  5.890293e+02,   4.346000e+00,   4.926846e+01,   1.944411e+00,   1.649594e-03,   1.871731e+00,   7.928405e+00
  6.063263e+02,   4.368000e+00,   5.054732e+01,   2.019169e+00,   1.677917e-03,   1.911255e+00,   7.965993e+00
  6.243926e+02,   4.390000e+00,   5.184103e+01,   2.095654e+00,   1.706753e-03,   1.950862e+00,   8.004005e+00
  6.432506e+02,   4.412000e+00,   5.314990e+01,   2.173885e+00,   1.736107e-03,   1.990559e+00,   8.042441e+00
  6.629215e+02,   4.434000e+00,   5.447424e+01,   2.253880e+00,   1.765941e-03,   2.030348e+00,   8.081297e+00
  6.834271e+02,   4.456000e+00,   5.581435e+01,   2.335661e+00,   1.796222e-03,   2.070236e+00,   8.120572e+00
  7.047895e+02,   4.478000e+00,   5.717052e+01,   2.419246e+00,   1.826925e-03,   2.110224e+00,   8.160262e+00
  7.270311e+02,   4.500000e+00,   5.854306e+01,   2.504658e+00,   1.858020e-03,   2.150318e+00,   8.200367e+00
  7.501733e+02,   4.522000e+00,   5.993226e+01,   2.591917e+00,   1.889437e-03,   2.190522e+00,   8.240882e+00
  7.742407e+02,   4.544000e+00,   6.133842e+01,   2.681044e+00,   1.921210e-03,   2.230839e+00,   8.281806e+00
  7.992553e+02,   4.566000e+00,   6.276182e+01,   2.772063e+00,   1.953274e-03,   2.271272e+00,   8.323137e+00
  8.252410e+02,   4.588000e+00,   6.420276e+01,   2.864994e+00,   1.985625e-03,   2.311826e+00,   8.364872e+00
  8.522207e+02,   4.610000e+00,   6.566153e+01,   2.959860e+00,   2.018202e-03,   2.352503e+00,   8.407008e+00
  8.802189e+02,   4.632000e+00,   6.713842e+01,   3.056686e+00,   2.051012e-03,   2.393308e+00,   8.449544e+00
  8.980298e+02,   4.654000e+00,   6.834266e+01,   3.142929e+00,   2.070147e-03,   2.429076e+00,   8.474452e+00
  8.658360e+02,   4.676000e+00,   6.824479e+01,   3.173200e+00,   2.026193e-03,   2.441506e+00,   8.419233e+00
  8.337993e+02,   4.698000e+00,   6.814686e+01,   3.203046e+00,   1.980931e-03,   2.453700e+00,   8.365371e+00
  8.019112e+02,   4.720000e+00,   6.804887e+01,   3.232474e+00,   1.934292e-03,   2.465664e+00,   8.312809e+00
  7.701620e+02,   4.742000e+00,   6.795078e+01,   3.261488e+00,   1.886165e-03,   2.477403e+00,   8.261494e+00
  7.385410e+02,   4.764000e+00,   6.785261e+01,   3.290093e+00,   1.836425e-03,   2.488922e+00,   8.211376e+00
  7.070360e+02,   4.786000e+00,   6.775432e+01,   3.318294e+00,   1.784933e-03,   2.500227e+00,   8.162407e+00
  6.756326e+02,   4.808000e+00,   6.765590e+01,   3.346096e+00,   1.731497e-03,   2.511322e+00,   8.114541e+00
  6.443160e+02,   4.830000e+00,   6.755735e+01,   3.373503e+00,   1.675957e-03,   2.522212e+00,   8.067737e+00
  6.130683e+02,   4.852000e+00,   6.745864e+01,   3.400519e+00,   1.618108e-03,   2.532901e+00,   8.021954e+00
  5.818685e+02,   4.874000e+00,   6.735978e+01,   3.427150e+00,   1.557705e-03,   2.543393e+00,   7.977154e+00
  5.506916e+02,   4.896000e+00,   6.726074e+01,   3.453399e+00,   1.494464e-03,   2.553692e+00,   7.933298e+00
  6.187453e+02,   4.918000e+00,   6.939465e+01,   3.588550e+00,   1.619265e-03,   2.606079e+00,   8.020460e+00
  7.113098e+02,   4.940000e+00,   7.208707e+01,   3.752942e+00,   1.770373e-03,   2.668413e+00,   8.137014e+00
  8.068735e+02,   4.962000e+00,   7.484798e+01,   3.922886e+00,   1.907595e-03,   2.731358e+00,   8.253958e+00
  9.056517e+02,   4.984000e+00,   7.767738e+01,   4.098444e+00,   2.033543e-03,   2.794894e+00,   8.371246e+00
  1.007805e+03,   5.006000e+00,   8.057531e+01,   4.279680e+00,   2.150158e-03,   2.859004e+00,   8.488835e+00
  1.113463e+03,   5.028000e+00,   8.354179e+01,   4.466657e+00,   2.258926e-03,   2.923672e+00,   8.606688e+00
  1.222730e+03,   5.050000e+00,   8.657687e+01,   4.659436e+00,   2.360952e-03,   2.988882e+00,   8.724772e+00
  1.335699e+03,   5.072000e+00,   8.968059e+01,   4.858079e+00,   2.457132e-03,   3.054620e+00,   8.843055e+00
  1.452452e+03,   5.094000e+00,   9.285301e+01,   5.062647e+00,   2.548190e-03,   3.120871e+00,   8.961510e+00
  1.573066e+03,   5.116000e+00,   9.609418e+01,   5.273199e+00,   2.634705e-03,   3.187623e+00,   9.080112e+00
  1.697609e+03,   5.138000e+00,   9.940415e+01,   5.489795e+00,   2.717168e-03,   3.254863e+00,   9.198837e+00
  1.826149e+03,   5.160000e+00,   1.027830e+02,   5.712492e+00,   2.795992e-03,   3.322578e+00,   9.317665e+00
  1.958746e+03,   5.182000e+00,   1.062307e+02,   5.941347e+00,   2.871526e-03,   3.390758e+00,   9.436577e+00
  2.095460e+03,   5.204000e+00,   1.097474e+02,   6.176419e+00,   2.944063e-03,   3.459390e+00,   9.555555e+00
  2.236344e+03,   5.226000e+00,   1.133331e+02,   6.417760e+00,   3.013860e-03,   3.528465e+00,   9.674583e+00
  2.381446e+03,   5.248000e+00,   1.169879e+02,   6.665426e+00,   3.081134e-03,   3.597971e+00,   9.793647e+00
  2.530808e+03,   5.270000e+00,   1.207117e+02,   6.919470e+00,   3.146107e-03,   3.667899e+00,   9.912731e+00
  2.684466e+03,   5.292000e+00,   1.245046e+02,   7.179941e+00,   3.208925e-03,   3.738238e+00,   1.003182e+01
  2.842447e+03,   5.314000e+00,   1.283667e+02,   7.446890e+00,   3.269747e-03,   3.808979e+00,   1.015091e+01
  3.004767e+03,   5.336000e+00,   1.322978e+02,   7.720364e+00,   3.328713e-03,   3.880112e+00,   1.026998e+01
  3.171435e+03,   5.358000e+00,   1.362979e+02,   8.000410e+00,   3.385959e-03,   3.951628e+00,   1.038902e+01
  3.342449e+03,   5.380000e+00,   1.403670e+02,   8.287070e+00,   3.441567e-03,   4.023516e+00,   1.050802e+01
  3.517794e+03,   5.402000e+00,   1.445051e+02,   8.580387e+00,   3.495659e-03,   4.095768e+00,   1.062696e+01
  3.697460e+03,   5.424000e+00,   1.487120e+02,   8.880403e+00,   3.548320e-03,   4.168374e+00,   1.074585e+01
  3.881418e+03,   5.446000e+00,   1.529877e+02,   9.187157e+00,   3.599634e-03,   4.241327e+00,   1.086466e+01
  4.069642e+03,   5.468000e+00,   1.573321e+02,   9.500691e+00,   3.649679e-03,   4.314617e+00,   1.098339e+01
  4.262097e+03,   5.490000e+00,   1.617452e+02,   9.821041e+00,   3.698515e-03,   4.388237e+00,   1.110204e+01
  4.458755e+03,   5.512000e+00,   1.662268e+02,   1.014825e+01,   3.746222e-03,   4.462179e+00,   1.122059e+01
  4.659586e+03,   5.534000e+00,   1.707771e+02,   1.048236e+01,   3.792850e-03,   4.536436e+00,   1.133904e+01
  4.864564e+03,   5.556000e+00,   1.753960e+02,   1.082340e+01,   3.838458e-03,   4.611002e+00,   1.145739e+01
  5.073668e+03,   5.578000e+00,   1.800835e+02,   1.117143e+01,   3.883098e-03,   4.685871e+00,   1.157564e+01
  5.286885e+03,   5.600000e+00,   1.848397e+02,   1.152648e+01,   3.926816e-03,   4.761039e+00,   1.169378e+01
  5.504211e+03,   5.622000e+00,   1.896647e+02,   1.188860e+01,   3.969663e-03,   4.836500e+00,   1.181182e+01
  5.725645e+03,   5.644000e+00,   1.945586e+02,   1.225784e+01,   4.011673e-03,   4.912251e+00,   1.192975e+01
  5.951201e+03,   5.666000e+00,   1.995217e+02,   1.263424e+01,   4.052892e-03,   4.988289e+00,   1.204759e+01
  6.180896e+03,   5.688000e+00,   2.045541e+02,   1.301787e+01,   4.093351e-03,   5.064610e+00,   1.216533e+01
  6.414756e+03,   5.710000e+00,   2.096561e+02,   1.340876e+01,   4.133084e-03,   5.141211e+00,   1.228298e+01
  6.652817e+03,   5.732000e+00,   2.148279e+02,   1.380697e+01,   4.172123e-03,   5.218092e+00,   1.240054e+01
  6.895119e+03,   5.754000e+00,   2.200699e+02,   1.421257e+01,   4.210499e-03,   5.295250e+00,   1.251802e+01
  7.141708e+03,   5.776000e+00,   2.253822e+02,   1.462559e+01,   4.248232e-03,   5.372683e+00,   1.263543e+01
  7.392637e+03,   5.798000e+00,   2.307653e+02,   1.504611e+01,   4.285352e-03,   5.450391e+00,   1.275277e+01
  7.647961e+03,   5.820000e+00,   2.362195e+02,   1.547418e+01,   4.321882e-03,   5.528371e+00,   1.287005e+01
  7.907737e+03,   5.842000e+00,   2.417451e+02,   1.590985e+01,   4.357841e-03,   5.606624e+00,   1.298727e+01
  8.172027e+03,   5.864000e+00,   2.473426e+02,   1.635319e+01,   4.393250e-03,   5.685148e+00,   1.310445e+01
  8.440891e+03,   5.886000e+00,   2.530121e+02,   1.680425e+01,   4.428126e-03,   5.763943e+00,   1.322158e+01
  8.714391e+03,   5.908000e+00,   2.587542e+02,   1.726310e+01,   4.462488e-03,   5.843007e+00,   1.333867e+01
  8.992588e+03,   5.930000e+00,   2.645691e+02,   1.772978e+01,   4.496349e-03,   5.922339e+00,   1.345574e+01
  9.275541e+03,   5.952000e+00,   2.704572e+02,   1.820437e+01,   4.529726e-03,   6.001939e+00,   1.357277e+01
  9.563309e+03,   5.974000e+00,   2.764189e+02,   1.868692e+01,   4.562632e-03,   6.081806e+00,   1.368979e+01
  9.855945e+03,   5.996000e+00,   2.824546e+02,   1.917748e+01,   4.595080e-03,   6.161938e+00,   1.380679e+01
  1.015350e+04,   6.018000e+00,   2.885644e+02,   1.967611e+01,   4.627069e-03,   6.242335e+00,   1.392379e+01
  1.045603e+04,   6.040000e+00,   2.947489e+02,   2.018287e+01,   4.658638e-03,   6.322996e+00,   1.404077e+01
  1.076358e+04,   6.062000e+00,   3.010082e+02,   2.069782e+01,   4.689784e-03,   6.403918e+00,   1.415775e+01
  1.107619e+04,   6.084000e+00,   3.073428e+02,   2.122100e+01,   4.720518e-03,   6.485101e+00,   1.427473e+01
  1.139390e+04,   6.106000e+00,   3.137529e+02,   2.175248e+01,   4.750852e-03,   6.566544e+00,   1.439171e+01
  1.171674e+04,   6.128000e+00,   3.202387e+02,   2.229231e+01,   4.780783e-03,   6.648244e+00,   1.450870e+01
  1.204474e+04,   6.150000e+00,   3.268007e+02,   2.284053e+01,   4.810327e-03,   6.730200e+00,   1.462570e+01
  1.237794e+04,   6.172000e+00,   3.334390e+02,   2.339721e+01,   4.839503e-03,   6.812411e+00,   1.474271e+01
  1.271634e+04,   6.194000e+00,   3.401539e+02,   2.396238e+01,   4.868309e-03,   6.894875e+00,   1.485973e+01
  1.305998e+04,   6.216000e+00,   3.469457e+02,   2.453611e+01,   4.896749e-03,   6.977589e+00,   1.497676e+01
  1.340887e+04,   6.238000e+00,   3.538147e+02,   2.511844e+01,   4.924846e-03,   7.060553e+00,   1.509381e+01
  1.376302e+04,   6.260000e+00,   3.607610e+02,   2.570942e+01,   4.952588e-03,   7.143765e+00,   1.521087e+01
  1.412244e+04,   6.282000e+00,   3.677849e+02,   2.630910e+01,   4.979999e-03,   7.227222e+00,   1.532796e+01
  1.448713e+04,   6.304000e+00,   3.748867e+02,   2.691753e+01,   5.007079e-03,   7.310922e+00,   1.544506e+01
  1.485710e+04,   6.326000e+00,   3.820665e+02,   2.753475e+01,   5.033830e-03,   7.394865e+00,   1.556218e+01
  1.523236e+04,   6.348000e+00,   3.893246e+02,   2.816081e+01,   5.060270e-03,   7.479047e+00,   1.567932e+01
  1.561289e+04,   6.370000e+00,   3.966613e+02,   2.879576e+01,   5.086401e-03,   7.563468e+00,   1.579649e+01
  1.599870e+04,   6.392000e+00,   4.040767e+02,   2.943964e+01,   5.112228e-03,   7.648125e+00,   1.591368e+01
  1.638978e+04,   6.414000e+00,   4.115710e+02,   3.009251e+01,   5.137754e-03,   7.733017e+00,   1.603089e+01
  1.678612e+04,   6.436000e+00,   4.191446e+02,   3.075440e+01,   5.162991e-03,   7.818141e+00,   1.614812e+01
  1.718771e+04,   6.458000e+00,   4.267976e+02,   3.142537e+01,   5.187944e-03,   7.903497e+00,   1.626539e+01
  1.759456e+04,   6.480000e+00,   4.345302e+02,   3.210545e+01,   5.212620e-03,   7.989082e+00,   1.638267e+01
  1.800663e+04,   6.502000e+00,   4.423427e+02,   3.279470e+01,   5.237022e-03,   8.074895e+00,   1.649999e+01
  1.842393e+04,   6.524000e+00,   4.502352e+02,   3.349316e+01,   5.261155e-03,   8.160934e+00,   1.661733e+01
  1.884643e+04,   6.546000e+00,   4.582082e+02,   3.420088e+01,   5.285029e-03,   8.247199e+00,   1.673471e+01
  1.927415e+04,   6.568000e+00,   4.662617e+02,   3.491790e+01,   5.308650e-03,   8.333687e+00,   1.685211e+01
  1.970705e+04,   6.590000e+00,   4.743960e+02,   3.564427e+01,   5.332022e-03,   8.420397e+00,   1.696955e+01
  2.014385e+04,   6.612000e+00,   4.826096e+02,   3.637992e+01,   5.354620e-03,   8.507312e+00,   1.708698e+01
  2.058409e+04,   6.634000e+00,   4.909023e+02,   3.712482e+01,   5.376293e-03,   8.594427e+00,   1.720441e+01
  2.103084e+04,   6.656000e+00,   4.992784e+02,   3.787936e+01,   5.398319e-03,   8.681777e+00,   1.732191e+01
  2.148415e+04,   6.678000e+00,   5.077383e+02,   3.864358e+01,   5.420699e-03,   8.769361e+00,   1.743949e+01
  2.194409e+04,   6.700000e+00,   5.162824e+02,   3.941756e+01,   5.443438e-03,   8.857180e+00,   1.755713e+01
  2.241070e+04,   6.722000e+00,   5.249111e+02,   4.020133e+01,   5.466537e-03,   8.945233e+00,   1.767485e+01
  2.287925e+04,   6.744000e+00,   5.336183e+02,   4.099447e+01,   5.488344e-03,   9.033464e+00,   1.779255e+01
  2.334970e+04,   6.766000e+00,   5.424041e+02,   4.179702e+01,   5.508819e-03,   9.121873e+00,   1.791021e+01
  2.382687e+04,   6.788000e+00,   5.512756e+02,   4.260952e+01,   5.529616e-03,   9.210514e+00,   1.802796e+01
  2.431081e+04,   6.810000e+00,   5.602330e+02,   4.343205e+01,   5.550738e-03,   9.299388e+00,   1.814580e+01
  2.480159e+04,   6.832000e+00,   5.692768e+02,   4.426465e+01,   5.572187e-03,   9.388495e+00,   1.826372e+01
  2.529926e+04,   6.854000e+00,   5.784075e+02,   4.510740e+01,   5.593965e-03,   9.477833e+00,   1.838174e+01
  2.580022e+04,   6.876000e+00,   5.876207e+02,   4.595998e+01,   5.615085e-03,   9.567366e+00,   1.849978e+01
  2.630012e+04,   6.898000e+00,   5.969112e+02,   4.682201e+01,   5.634361e-03,   9.657047e+00,   1.861775e+01
  2.680694e+04,   6.920000e+00,   6.062896e+02,   4.769434e+01,   5.653929e-03,   9.746959e+00,   1.873582e+01
  2.732074e+04,   6.942000e+00,   6.157562e+02,   4.857704e+01,   5.673794e-03,   9.837103e+00,   1.885399e+01
  2.784157e+04,   6.964000e+00,   6.253116e+02,   4.947015e+01,   5.693958e-03,   9.927478e+00,   1.897227e+01
  2.836950e+04,   6.986000e+00,   6.349562e+02,   5.037375e+01,   5.714422e-03,   1.001809e+01,   1.909066e+01
  2.890458e+04,   7.008000e+00,   6.446905e+02,   5.128791e+01,   5.735189e-03,   1.010892e+01,   1.920915e+01
  2.943671e+04,   7.030000e+00,   6.545037e+02,   5.221180e+01,   5.754024e-03,   1.019991e+01,   1.932759e+01
  2.997264e+04,   7.052000e+00,   6.644037e+02,   5.314606e+01,   5.772397e-03,   1.029110e+01,   1.944609e+01
  3.051574e+04,   7.074000e+00,   6.743945e+02,   5.409103e+01,   5.791040e-03,   1.038251e+01,   1.956470e+01
  3.106607e+04,   7.096000e+00,   6.844765e+02,   5.504679e+01,   5.809955e-03,   1.047416e+01,   1.968344e+01
  3.162368e+04,   7.118000e+00,   6.946503e+02,   5.601340e+01,   5.829145e-03,   1.056605e+01,   1.980229e+01
  3.218865e+04,   7.140000e+00,   7.049163e+02,   5.699093e+01,   5.848612e-03,   1.065816e+01,   1.992127e+01
  3.276102e+04,   7.162000e+00,   7.152750e+02,   5.797944e+01,   5.868357e-03,   1.075051e+01,   2.004038e+01
  3.332908e+04,   7.184000e+00,   7.257181e+02,   5.897828e+01,   5.886173e-03,   1.084302e+01,   2.015949e+01
  3.390142e+04,   7.206000e+00,   7.362523e+02,   5.998804e+01,   5.903658e-03,   1.093575e+01,   2.027869e+01
  3.448118e+04,   7.228000e+00,   7.468806e+02,   6.100896e+01,   5.921393e-03,   1.102871e+01,   2.039803e+01
  3.506844e+04,   7.250000e+00,   7.576035e+02,   6.204112e+01,   5.939378e-03,   1.112190e+01,   2.051751e+01
  3.566324e+04,   7.272000e+00,   7.684215e+02,   6.308459e+01,   5.957617e-03,   1.121533e+01,   2.063712e+01
  3.626565e+04,   7.294000e+00,   7.793351e+02,   6.413944e+01,   5.976111e-03,   1.130900e+01,   2.075688e+01
  3.687574e+04,   7.316000e+00,   7.903449e+02,   6.520574e+01,   5.994861e-03,   1.140289e+01,   2.087677e+01
  3.748699e+04,   7.338000e+00,   8.014499e+02,   6.628345e+01,   6.012776e-03,   1.149702e+01,   2.099679e+01
  3.809688e+04,   7.360000e+00,   8.126500e+02,   6.737257e+01,   6.029419e-03,   1.159136e+01,   2.111694e+01
  3.871447e+04,   7.382000e+00,   8.239479e+02,   6.847336e+01,   6.046293e-03,   1.168594e+01,   2.123723e+01
  3.933982e+04,   7.404000e+00,   8.353442e+02,   6.958589e+01,   6.063399e-03,   1.178076e+01,   2.135767e+01
  3.997299e+04,   7.426000e+00,   8.468393e+02,   7.071023e+01,   6.080739e-03,   1.187581e+01,   2.147828e+01
  4.061406e+04,   7.448000e+00,   8.584339e+02,   7.184645e+01,   6.098314e-03,   1.197111e+01,   2.159903e+01
  4.126309e+04,   7.470000e+00,   8.701285e+02,   7.299464e+01,   6.116128e-03,   1.206664e+01,   2.171995e+01
  4.192013e+04,   7.492000e+00,   8.819238e+02,   7.415487e+01,   6.134181e-03,   1.216241e+01,   2.184103e+01
  4.257531e+04,   7.514000e+00,   8.938263e+02,   7.532773e+01,   6.150927e-03,   1.225847e+01,   2.196235e+01
  4.323285e+04,   7.536000e+00,   9.058343e+02,   7.651308e+01,   6.167010e-03,   1.235478e+01,   2.208388e+01
  4.389846e+04,   7.558000e+00,   9.179448e+02,   7.771073e+01,   6.183309e-03,   1.245134e+01,   2.220558e+01
  4.457220e+04,   7.580000e+00,   9.301587e+02,   7.892075e+01,   6.199826e-03,   1.254815e+01,   2.232746e+01
  4.525415e+04,   7.602000e+00,   9.424764e+02,   8.014323e+01,   6.216562e-03,   1.264520e+01,   2.244950e+01
  4.594437e+04,   7.624000e+00,   9.548986e+02,   8.137824e+01,   6.233520e-03,   1.274249e+01,   2.257173e+01
  4.664294e+04,   7.646000e+00,   9.674260e+02,   8.262588e+01,   6.250699e-03,   1.284003e+01,   2.269414e+01
  4.734991e+04,   7.668000e+00,   9.800592e+02,   8.388621e+01,   6.268103e-03,   1.293781e+01,   2.281673e+01
  4.805867e+04,   7.690000e+00,   9.928117e+02,   8.516043e+01,   6.284710e-03,   1.303593e+01,   2.293965e+01
  4.876782e+04,   7.712000e+00,   1.005687e+03,   8.644890e+01,   6.300290e-03,   1.313439e+01,   2.306294e+01
  4.948545e+04,   7.734000e+00,   1.018671e+03,   8.775037e+01,   6.316073e-03,   1.323311e+01,   2.318643e+01
  5.021166e+04,   7.756000e+00,   1.031764e+03,   8.906495e+01,   6.332062e-03,   1.333208e+01,   2.331011e+01
  5.094650e+04,   7.778000e+00,   1.044967e+03,   9.039272e+01,   6.348257e-03,   1.343131e+01,   2.343398e+01
  5.169004e+04,   7.800000e+00,   1.058280e+03,   9.173377e+01,   6.364660e-03,   1.353078e+01,   2.355806e+01
  5.244238e+04,   7.822000e+00,   1.071704e+03,   9.308819e+01,   6.381273e-03,   1.363051e+01,   2.368234e+01
  5.320356e+04,   7.844000e+00,   1.085240e+03,   9.445607e+01,   6.398098e-03,   1.373050e+01,   2.380682e+01
  5.397368e+04,   7.866000e+00,   1.098889e+03,   9.583750e+01,   6.415136e-03,   1.383075e+01,   2.393151e+01
  5.474115e+04,   7.888000e+00,   1.112699e+03,   9.723676e+01,   6.430510e-03,   1.393155e+01,   2.405693e+01
  5.551618e+04,   7.910000e+00,   1.126630e+03,   9.865038e+01,   6.445847e-03,   1.403265e+01,   2.418263e+01
  5.630027e+04,   7.932000e+00,   1.140677e+03,   1.000779e+02,   6.461379e-03,   1.413402e+01,   2.430855e+01
  5.709351e+04,   7.954000e+00,   1.154841e+03,   1.015196e+02,   6.477107e-03,   1.423565e+01,   2.443469e+01
  5.789596e+04,   7.976000e+00,   1.169122e+03,   1.029753e+02,   6.493034e-03,   1.433754e+01,   2.456105e+01
  5.870772e+04,   7.998000e+00,   1.183521e+03,   1.044453e+02,   6.509160e-03,   1.443971e+01,   2.468764e+01
  5.952886e+04,   8.020000e+00,   1.198039e+03,   1.059296e+02,   6.525487e-03,   1.454214e+01,   2.481446e+01
  6.035946e+04,   8.042000e+00,   1.212678e+03,   1.074284e+02,   6.542017e-03,   1.464484e+01,   2.494151e+01
  6.119960e+04,   8.064000e+00,   1.227437e+03,   1.089417e+02,   6.558751e-03,   1.474781e+01,   2.506879e+01
  6.203898e+04,   8.086000e+00,   1.242402e+03,   1.104772e+02,   6.573748e-03,   1.485156e+01,   2.519717e+01
  6.288785e+04,   8.108000e+00,   1.257493e+03,   1.120277e+02,   6.588900e-03,   1.495560e+01,   2.532582e+01
  6.374646e+04,   8.130000e+00,   1.272708e+03,   1.135933e+02,   6.604241e-03,   1.505992e+01,   2.545471e+01
  6.461490e+04,   8.152000e+00,   1.288050e+03,   1.151741e+02,   6.619772e-03,   1.516452e+01,   2.558385e+01
  6.549326e+04,   8.174000e+00,   1.303518e+03,   1.167700e+02,   6.635493e-03,   1.526940e+01,   2.571324e+01
  6.638161e+04,   8.196000e+00,   1.319114e+03,   1.183814e+02,   6.651408e-03,   1.537457e+01,   2.584289e+01
  6.728006e+04,   8.218000e+00,   1.334838e+03,   1.200082e+02,   6.667517e-03,   1.548002e+01,   2.597280e+01
  6.818869e+04,   8.240000e+00,   1.350691e+03,   1.216507e+02,   6.683823e-03,   1.558576e+01,   2.610298e+01
  6.910758e+04,   8.262000e+00,   1.366675e+03,   1.233088e+02,   6.700326e-03,   1.569179e+01,   2.623342e+01
  7.003124e+04,   8.284000e+00,   1.382888e+03,   1.249916e+02,   6.715587e-03,   1.579866e+01,   2.636505e+01
  7.096375e+04,   8.306000e+00,   1.399264e+03,   1.266931e+02,   6.730617e-03,   1.590600e+01,   2.649723e+01
  7.190680e+04,   8.328000e+00,   1.415775e+03,   1.284109e+02,   6.745830e-03,   1.601363e+01,   2.662969e+01
  7.286051e+04,   8.350000e+00,   1.432422e+03,   1.301452e+02,   6.761229e-03,   1.612157e+01,   2.676244e+01
  7.382497e+04,   8.372000e+00,   1.449208e+03,   1.318960e+02,   6.776815e-03,   1.622981e+01,   2.689547e+01
  7.480026e+04,   8.394000e+00,   1.466132e+03,   1.336636e+02,   6.792589e-03,   1.633835e+01,   2.702880e+01
  7.578649e+04,   8.416000e+00,   1.483196e+03,   1.354480e+02,   6.808553e-03,   1.644721e+01,   2.716242e+01
  7.678377e+04,   8.438000e+00,   1.500402e+03,   1.372494e+02,   6.824708e-03,   1.655637e+01,   2.729633e+01
  7.779218e+04,   8.460000e+00,   1.517749e+03,   1.390679e+02,   6.841057e-03,   1.666584e+01,   2.743055e+01
  7.881086e+04,   8.482000e+00,   1.535293e+03,   1.409086e+02,   6.857044e-03,   1.677593e+01,   2.756556e+01
  7.983883e+04,   8.504000e+00,   1.553102e+03,   1.427777e+02,   6.872014e-03,   1.688697e+01,   2.770193e+01
  8.087832e+04,   8.526000e+00,   1.571059e+03,   1.446646e+02,   6.887166e-03,   1.699835e+01,   2.783863e+01
  8.192945e+04,   8.548000e+00,   1.589167e+03,   1.465696e+02,   6.902499e-03,   1.711005e+01,   2.797564e+01
  8.299233e+04,   8.570000e+00,   1.607425e+03,   1.484927e+02,   6.918017e-03,   1.722208e+01,   2.811299e+01
  8.406706e+04,   8.592000e+00,   1.625836e+03,   1.504341e+02,   6.933721e-03,   1.733444e+01,   2.825066e+01
  8.515375e+04,   8.614000e+00,   1.644400e+03,   1.523940e+02,   6.949612e-03,   1.744714e+01,   2.838867e+01
  8.625252e+04,   8.636000e+00,   1.663119e+03,   1.543726e+02,   6.965692e-03,   1.756017e+01,   2.852702e+01
  8.736348e+04,   8.658000e+00,   1.681994e+03,   1.563698e+02,   6.981963e-03,   1.767354e+01,   2.866571e+01
  8.848674e+04,   8.680000e+00,   1.701027e+03,   1.583860e+02,   6.998427e-03,   1.778726e+01,   2.880474e+01
  8.962367e+04,   8.702000e+00,   1.720367e+03,   1.604352e+02,   7.013975e-03,   1.790209e+01,   2.894538e+01
  9.077392e+04,   8.724000e+00,   1.739949e+03,   1.625113e+02,   7.029126e-03,   1.801769e+01,   2.908703e+01
  9.193700e+04,   8.746000e+00,   1.759697e+03,   1.646073e+02,   7.044459e-03,   1.813364e+01,   2.922905e+01
  9.311303e+04,   8.768000e+00,   1.779613e+03,   1.667233e+02,   7.059975e-03,   1.824996e+01,   2.937145e+01
  9.430213e+04,   8.790000e+00,   1.799697e+03,   1.688596e+02,   7.075676e-03,   1.836664e+01,   2.951422e+01
  9.550444e+04,   8.812000e+00,   1.819951e+03,   1.710162e+02,   7.091564e-03,   1.848369e+01,   2.965738e+01
  9.672008e+04,   8.834000e+00,   1.840377e+03,   1.731935e+02,   7.107641e-03,   1.860112e+01,   2.980092e+01
  9.794919e+04,   8.856000e+00,   1.860976e+03,   1.753915e+02,   7.123908e-03,   1.871891e+01,   2.994484e+01
  9.919189e+04,   8.878000e+00,   1.881750e+03,   1.776105e+02,   7.140367e-03,   1.883708e+01,   3.008917e+01
  1.004483e+05,   8.900000e+00,   1.902700e+03,   1.798506e+02,   7.157019e-03,   1.895563e+01,   3.023388e+01
  1.017252e+05,   8.922000e+00,   1.924074e+03,   1.821354e+02,   7.172473e-03,   1.907578e+01,   3.038096e+01
  1.030175e+05,   8.944000e+00,   1.945678e+03,   1.844465e+02,   7.187864e-03,   1.919655e+01,   3.052879e+01
  1.043242e+05,   8.966000e+00,   1.967468e+03,   1.867799e+02,   7.203440e-03,   1.931772e+01,   3.067706e+01
  1.056455e+05,   8.988000e+00,   1.989446e+03,   1.891358e+02,   7.219202e-03,   1.943929e+01,   3.082575e+01
  1.069814e+05,   9.010000e+00,   2.011615e+03,   1.915145e+02,   7.235152e-03,   1.956127e+01,   3.097488e+01
  1.083323e+05,   9.032000e+00,   2.033977e+03,   1.939162e+02,   7.251292e-03,   1.968367e+01,   3.112446e+01
  1.096981e+05,   9.054000e+00,   2.056532e+03,   1.963410e+02,   7.267624e-03,   1.980648e+01,   3.127448e+01
  1.110791e+05,   9.076000e+00,   2.079282e+03,   1.987893e+02,   7.284150e-03,   1.992970e+01,   3.142495e+01
  1.124755e+05,   9.098000e+00,   2.102231e+03,   2.012612e+02,   7.300872e-03,   2.005335e+01,   3.157587e+01
  1.138873e+05,   9.120000e+00,   2.125379e+03,   2.037569e+02,   7.317791e-03,   2.017742e+01,   3.172726e+01
  1.153286e+05,   9.142000e+00,   2.149073e+03,   2.063098e+02,   7.333375e-03,   2.030355e+01,   3.188167e+01
  1.167868e+05,   9.164000e+00,   2.172996e+03,   2.088896e+02,   7.349067e-03,   2.043021e+01,   3.203670e+01
  1.182614e+05,   9.186000e+00,   2.197131e+03,   2.114947e+02,   7.364949e-03,   2.055733e+01,   3.219223e+01
  1.197525e+05,   9.208000e+00,   2.221481e+03,   2.141254e+02,   7.381022e-03,   2.068490e+01,   3.234827e+01
  1.212603e+05,   9.230000e+00,   2.246048e+03,   2.167819e+02,   7.397289e-03,   2.081294e+01,   3.250481e+01
  1.227851e+05,   9.252000e+00,   2.270835e+03,   2.194646e+02,   7.413751e-03,   2.094144e+01,   3.266186e+01
  1.243269e+05,   9.274000e+00,   2.295843e+03,   2.221737e+02,   7.430411e-03,   2.107041e+01,   3.281944e+01
  1.258860e+05,   9.296000e+00,   2.321074e+03,   2.249095e+02,   7.447270e-03,   2.119985e+01,   3.297754e+01
  1.274626e+05,   9.318000e+00,   2.346532e+03,   2.276722e+02,   7.464331e-03,   2.132976e+01,   3.313617e+01
  1.290552e+05,   9.340000e+00,   2.372220e+03,   2.304623e+02,   7.481577e-03,   2.146018e+01,   3.329535e+01
  1.305219e+05,   9.362000e+00,   2.398390e+03,   2.333043e+02,   7.497444e-03,   2.159220e+01,   3.345683e+01
  1.320096e+05,   9.384000e+00,   2.424804e+03,   2.361752e+02,   7.513502e-03,   2.172475e+01,   3.361891e+01
  1.335187e+05,   9.406000e+00,   2.451464e+03,   2.390753e+02,   7.529754e-03,   2.185784e+01,   3.378160e+01
  1.350493e+05,   9.428000e+00,   2.478374e+03,   2.420049e+02,   7.546204e-03,   2.199146e+01,   3.394491e+01
  1.366017e+05,   9.450000e+00,   2.505535e+03,   2.449643e+02,   7.562851e-03,   2.212562e+01,   3.410883e+01
  1.381763e+05,   9.472000e+00,   2.532951e+03,   2.479539e+02,   7.579701e-03,   2.226033e+01,   3.427338e+01
  1.397732e+05,   9.494000e+00,   2.560624e+03,   2.509740e+02,   7.596753e-03,   2.239559e+01,   3.443857e+01
  1.413928e+05,   9.516000e+00,   2.588557e+03,   2.540249e+02,   7.614011e-03,   2.253141e+01,   3.460440e+01
  1.430354e+05,   9.538000e+00,   2.616754e+03,   2.571070e+02,   7.631477e-03,   2.266779e+01,   3.477088e+01
  1.447013e+05,   9.560000e+00,   2.645218e+03,   2.602207e+02,   7.649154e-03,   2.280473e+01,   3.493802e+01
  1.463675e+05,   9.582000e+00,   2.674009e+03,   2.633720e+02,   7.666772e-03,   2.294251e+01,   3.510621e+01
  1.479339e+05,   9.604000e+00,   2.703383e+03,   2.665862e+02,   7.683179e-03,   2.308218e+01,   3.527709e+01
  1.495194e+05,   9.626000e+00,   2.733034e+03,   2.698332e+02,   7.699789e-03,   2.322242e+01,   3.544863e+01
  1.511242e+05,   9.648000e+00,   2.762966e+03,   2.731135e+02,   7.716606e-03,   2.336325e+01,   3.562084e+01
  1.527485e+05,   9.670000e+00,   2.793181e+03,   2.764275e+02,   7.733631e-03,   2.350467e+01,   3.579372e+01
  1.543926e+05,   9.692000e+00,   2.823684e+03,   2.797755e+02,   7.750868e-03,   2.364668e+01,   3.596730e+01
  1.560566e+05,   9.714000e+00,   2.854477e+03,   2.831579e+02,   7.768317e-03,   2.378929e+01,   3.614156e+01
  1.577409e+05,   9.736000e+00,   2.885564e+03,   2.865752e+02,   7.785982e-03,   2.393251e+01,   3.631653e+01
  1.594457e+05,   9.758000e+00,   2.916948e+03,   2.900277e+02,   7.803866e-03,   2.407633e+01,   3.649221e+01
  1.611713e+05,   9.780000e+00,   2.948632e+03,   2.935158e+02,   7.821971e-03,   2.422078e+01,   3.666861e+01
  1.629178e+05,   9.802000e+00,   2.980621e+03,   2.970399e+02,   7.840299e-03,   2.436584e+01,   3.684573e+01
  1.646857e+05,   9.824000e+00,   3.012917e+03,   3.006006e+02,   7.858853e-03,   2.451154e+01,   3.702358e+01
  1.664319e+05,   9.846000e+00,   3.045885e+03,   3.042341e+02,   7.876636e-03,   2.465933e+01,   3.720438e+01
  1.681670e+05,   9.868000e+00,   3.079452e+03,   3.079334e+02,   7.893881e-03,   2.480890e+01,   3.738763e+01
  1.699238e+05,   9.890000e+00,   3.113353e+03,   3.116721e+02,   7.911346e-03,   2.495914e+01,   3.757168e+01
  1.717026e+05,   9.912000e+00,   3.147591e+03,   3.154507e+02,   7.929034e-03,   2.511008e+01,   3.775653e+01
  1.735038e+05,   9.934000e+00,   3.182170e+03,   3.192696e+02,   7.946946e-03,   2.526171e+01,   3.794221e+01
  1.753275e+05,   9.956000e+00,   3.217096e+03,   3.231294e+02,   7.965087e-03,   2.541404e+01,   3.812872e+01
  1.771741e+05,   9.978000e+00,   3.252372e+03,   3.270306e+02,   7.983459e-03,   2.556708e+01,   3.831606e+01
  1.790439e+05,   1.000000e+01,   3.288002e+03,   3.309736e+02,   8.002065e-03,   2.572084e+01,   3.850426e+01
  1.958447e+05,   1.020000e+01,   3.622562e+03,   3.681828e+02,   8.164339e-03,   2.712895e+01,   4.022025e+01
  2.134783e+05,   1.040000e+01,   3.985668e+03,   4.088253e+02,   8.329853e-03,   2.858785e+01,   4.199345e+01
  2.308033e+05,   1.060000e+01,   4.375632e+03,   4.527758e+02,   8.487776e-03,   3.008598e+01,   4.380651e+01
  2.502259e+05,   1.080000e+01,   4.812330e+03,   5.021481e+02,   8.658585e-03,   3.168455e+01,   4.574775e+01
  2.716087e+05,   1.100000e+01,   5.301146e+03,   5.575969e+02,   8.843451e-03,   3.338875e+01,   4.782242e+01
  2.969569e+05,   1.120000e+01,   5.873889e+03,   6.225873e+02,   9.042335e-03,   3.528157e+01,   5.014639e+01
  3.249267e+05,   1.140000e+01,   6.527856e+03,   6.969941e+02,   9.258543e-03,   3.733099e+01,   5.266996e+01
  3.540095e+05,   1.160000e+01,   7.242934e+03,   7.788006e+02,   9.479138e-03,   3.946157e+01,   5.528433e+01
  3.791692e+05,   1.180000e+01,   7.940048e+03,   8.595404e+02,   9.661615e-03,   4.145715e+01,   5.768801e+01
  4.068523e+05,   1.200000e+01,   8.727805e+03,   9.509627e+02,   9.861887e-03,   4.360665e+01,   6.028569e+01
  4.360702e+05,   1.220000e+01,   9.600435e+03,   1.052581e+03,   1.007109e-02,   4.587784e+01,   6.303037e+01
  4.673314e+05,   1.240000e+01,   1.060193e+04,   1.169372e+03,   1.029881e-02,   4.835657e+01,   6.603761e+01
