  Hugoniot 
  Temperature,    Density,        Pressure,       Int. Energy,    Sp. Entropy,    Part. Vel.,     Shock Vel. 
  K,              g/cm3,          GPa,            MJ/kg,          MJ/K/kg,        km/s,           km/s
  2.980000e+02,   3.220000e+00,   1.439676e-04,   7.180370e-02,   3.162652e-04,   0.000000e+00,   5.852418e+00
  2.982966e+02,   3.225000e+00,   1.720842e-01,   7.184517e-02,   3.162646e-04,   9.098733e-03,   5.868683e+00
  2.985934e+02,   3.230000e+00,   3.446466e-01,   7.196946e-02,   3.162656e-04,   1.819982e-02,   5.878542e+00
  2.988904e+02,   3.235000e+00,   5.173868e-01,   7.217632e-02,   3.162684e-04,   2.729152e-02,   5.885872e+00
  2.991823e+02,   3.240000e+00,   6.903099e-01,   7.246551e-02,   3.162634e-04,   3.637402e-02,   5.892591e+00
  2.994733e+02,   3.245000e+00,   8.634209e-01,   7.283678e-02,   3.162587e-04,   4.544748e-02,   5.899083e+00
  2.997653e+02,   3.250000e+00,   1.036725e+00,   7.328990e-02,   3.162576e-04,   5.451207e-02,   5.905474e+00
  3.000586e+02,   3.255000e+00,   1.210227e+00,   7.382463e-02,   3.162606e-04,   6.356796e-02,   5.911820e+00
  3.003533e+02,   3.260000e+00,   1.383933e+00,   7.444074e-02,   3.162684e-04,   7.261531e-02,   5.918148e+00
  3.006498e+02,   3.265000e+00,   1.557847e+00,   7.513803e-02,   3.162815e-04,   8.165429e-02,   5.924472e+00
  3.009483e+02,   3.270000e+00,   1.731974e+00,   7.591628e-02,   3.163005e-04,   9.068507e-02,   5.930803e+00
  3.012490e+02,   3.275000e+00,   1.906319e+00,   7.677528e-02,   3.163260e-04,   9.970780e-02,   5.937146e+00
  3.015523e+02,   3.280000e+00,   2.080887e+00,   7.771483e-02,   3.163587e-04,   1.087226e-01,   5.943505e+00
  3.018584e+02,   3.285000e+00,   2.255684e+00,   7.873474e-02,   3.163990e-04,   1.177298e-01,   5.949882e+00
  3.021675e+02,   3.290000e+00,   2.430714e+00,   7.983482e-02,   3.164477e-04,   1.267293e-01,   5.956279e+00
  3.024800e+02,   3.295000e+00,   2.605982e+00,   8.101488e-02,   3.165053e-04,   1.357215e-01,   5.962699e+00
  3.027961e+02,   3.300000e+00,   2.781493e+00,   8.227476e-02,   3.165725e-04,   1.447064e-01,   5.969140e+00
  3.031161e+02,   3.305000e+00,   2.957252e+00,   8.361428e-02,   3.166498e-04,   1.536843e-01,   5.975606e+00
  3.034402e+02,   3.310000e+00,   3.133264e+00,   8.503327e-02,   3.167379e-04,   1.626552e-01,   5.982095e+00
  3.037689e+02,   3.315000e+00,   3.309534e+00,   8.653157e-02,   3.168375e-04,   1.716193e-01,   5.988609e+00
  3.041023e+02,   3.320000e+00,   3.486066e+00,   8.810903e-02,   3.169491e-04,   1.805768e-01,   5.995148e+00
  3.044408e+02,   3.325000e+00,   3.662865e+00,   8.976550e-02,   3.170735e-04,   1.895278e-01,   6.001713e+00
  3.047847e+02,   3.330000e+00,   3.839937e+00,   9.150083e-02,   3.172111e-04,   1.984724e-01,   6.008302e+00
  3.051342e+02,   3.335000e+00,   4.017286e+00,   9.331489e-02,   3.173628e-04,   2.074109e-01,   6.014917e+00
  3.054897e+02,   3.340000e+00,   4.194917e+00,   9.520755e-02,   3.175292e-04,   2.163434e-01,   6.021559e+00
  3.058514e+02,   3.345000e+00,   4.372835e+00,   9.717866e-02,   3.177108e-04,   2.252700e-01,   6.028226e+00
  3.062198e+02,   3.350000e+00,   4.551044e+00,   9.922812e-02,   3.179084e-04,   2.341909e-01,   6.034919e+00
  3.065950e+02,   3.355000e+00,   4.729549e+00,   1.013558e-01,   3.181226e-04,   2.431061e-01,   6.041638e+00
  3.069774e+02,   3.360000e+00,   4.908355e+00,   1.035616e-01,   3.183541e-04,   2.520160e-01,   6.048383e+00
  3.073674e+02,   3.365000e+00,   5.087467e+00,   1.058454e-01,   3.186036e-04,   2.609205e-01,   6.055155e+00
  3.077652e+02,   3.370000e+00,   5.266889e+00,   1.082071e-01,   3.188717e-04,   2.698198e-01,   6.061952e+00
  3.081712e+02,   3.375000e+00,   5.446626e+00,   1.106466e-01,   3.191592e-04,   2.787142e-01,   6.068777e+00
  3.085856e+02,   3.380000e+00,   5.626683e+00,   1.131637e-01,   3.194667e-04,   2.876036e-01,   6.075627e+00
  3.090043e+02,   3.385000e+00,   5.807065e+00,   1.157586e-01,   3.197867e-04,   2.964884e-01,   6.082504e+00
  3.094181e+02,   3.390000e+00,   5.987776e+00,   1.184309e-01,   3.201041e-04,   3.053685e-01,   6.089407e+00
  3.098409e+02,   3.395000e+00,   6.168820e+00,   1.211807e-01,   3.204430e-04,   3.142441e-01,   6.096336e+00
  3.102732e+02,   3.400000e+00,   6.350203e+00,   1.240079e-01,   3.208040e-04,   3.231155e-01,   6.103292e+00
  3.122947e+02,   3.422000e+00,   7.152426e+00,   1.373650e-01,   3.226727e-04,   3.621013e-01,   6.134211e+00
  3.145327e+02,   3.444000e+00,   7.961680e+00,   1.522140e-01,   3.250421e-04,   4.010172e-01,   6.165639e+00
  3.170170e+02,   3.466000e+00,   8.778354e+00,   1.685515e-01,   3.279723e-04,   4.398740e-01,   6.197575e+00
  3.197402e+02,   3.488000e+00,   9.602829e+00,   1.863756e-01,   3.314586e-04,   4.786825e-01,   6.230017e+00
  3.226837e+02,   3.510000e+00,   1.043549e+01,   2.056862e-01,   3.354791e-04,   5.174529e-01,   6.262964e+00
  3.259538e+02,   3.532000e+00,   1.127670e+01,   2.264842e-01,   3.402269e-04,   5.561951e-01,   6.296414e+00
  3.295526e+02,   3.554000e+00,   1.212683e+01,   2.487721e-01,   3.457112e-04,   5.949188e-01,   6.330364e+00
  3.334179e+02,   3.576000e+00,   1.298626e+01,   2.725538e-01,   3.518297e-04,   6.336333e-01,   6.364811e+00
  3.376926e+02,   3.598000e+00,   1.385536e+01,   2.978342e-01,   3.588425e-04,   6.723478e-01,   6.399755e+00
  3.422764e+02,   3.620000e+00,   1.473447e+01,   3.246196e-01,   3.665706e-04,   7.110709e-01,   6.435192e+00
  3.472813e+02,   3.642000e+00,   1.562397e+01,   3.529173e-01,   3.752248e-04,   7.498112e-01,   6.471120e+00
  3.526393e+02,   3.664000e+00,   1.652420e+01,   3.827360e-01,   3.846764e-04,   7.885771e-01,   6.507537e+00
  3.584585e+02,   3.686000e+00,   1.743553e+01,   4.140852e-01,   3.951331e-04,   8.273764e-01,   6.544441e+00
  3.646212e+02,   3.708000e+00,   1.835831e+01,   4.469756e-01,   4.063644e-04,   8.662170e-01,   6.581829e+00
  3.712538e+02,   3.730000e+00,   1.929288e+01,   4.814187e-01,   4.186116e-04,   9.051065e-01,   6.619700e+00
  3.783410e+02,   3.752000e+00,   2.023961e+01,   5.174272e-01,   4.318438e-04,   9.440521e-01,   6.658052e+00
  3.858217e+02,   3.774000e+00,   2.119883e+01,   5.550148e-01,   4.459240e-04,   9.830611e-01,   6.696882e+00
  3.937742e+02,   3.796000e+00,   2.217090e+01,   5.941958e-01,   4.610027e-04,   1.022140e+00,   6.736188e+00
  4.021963e+02,   3.818000e+00,   2.315617e+01,   6.349857e-01,   4.770644e-04,   1.061296e+00,   6.775969e+00
  4.110886e+02,   3.840000e+00,   2.415497e+01,   6.774006e-01,   4.940956e-04,   1.100536e+00,   6.816223e+00
  4.204543e+02,   3.862000e+00,   2.516765e+01,   7.214577e-01,   5.120849e-04,   1.139865e+00,   6.856947e+00
  4.302988e+02,   3.884000e+00,   2.619457e+01,   7.671749e-01,   5.310224e-04,   1.179291e+00,   6.898141e+00
  4.406292e+02,   3.906000e+00,   2.723606e+01,   8.145707e-01,   5.508998e-04,   1.218818e+00,   6.939803e+00
  4.514543e+02,   3.928000e+00,   2.829247e+01,   8.636649e-01,   5.717102e-04,   1.258454e+00,   6.981931e+00
  4.627844e+02,   3.950000e+00,   2.936415e+01,   9.144775e-01,   5.934479e-04,   1.298203e+00,   7.024523e+00
  4.746307e+02,   3.972000e+00,   3.045144e+01,   9.670296e-01,   6.161085e-04,   1.338071e+00,   7.067579e+00
  4.870060e+02,   3.994000e+00,   3.155469e+01,   1.021343e+00,   6.396886e-04,   1.378064e+00,   7.111097e+00
  4.998930e+02,   4.016000e+00,   3.267425e+01,   1.077440e+00,   6.640993e-04,   1.418187e+00,   7.155075e+00
  5.133179e+02,   4.038000e+00,   3.381046e+01,   1.135344e+00,   6.893672e-04,   1.458445e+00,   7.199514e+00
  5.273113e+02,   4.060000e+00,   3.496367e+01,   1.195079e+00,   7.155348e-04,   1.498844e+00,   7.244411e+00
  5.418372e+02,   4.082000e+00,   3.613424e+01,   1.256669e+00,   7.424408e-04,   1.539387e+00,   7.289765e+00
  5.569571e+02,   4.104000e+00,   3.732252e+01,   1.320140e+00,   7.702187e-04,   1.580080e+00,   7.335577e+00
  5.726383e+02,   4.126000e+00,   3.852887e+01,   1.385518e+00,   7.987040e-04,   1.620929e+00,   7.381845e+00
  5.889316e+02,   4.148000e+00,   3.975364e+01,   1.452830e+00,   8.279988e-04,   1.661936e+00,   7.428568e+00
  6.058267e+02,   4.170000e+00,   4.099718e+01,   1.522102e+00,   8.580023e-04,   1.703108e+00,   7.475746e+00
  6.233399e+02,   4.192000e+00,   4.225987e+01,   1.593363e+00,   8.886961e-04,   1.744448e+00,   7.523379e+00
  6.414952e+02,   4.214000e+00,   4.354207e+01,   1.666641e+00,   9.200903e-04,   1.785960e+00,   7.571466e+00
  6.603044e+02,   4.236000e+00,   4.484414e+01,   1.741967e+00,   9.521491e-04,   1.827650e+00,   7.620006e+00
  6.797820e+02,   4.258000e+00,   4.616645e+01,   1.819370e+00,   9.848421e-04,   1.869522e+00,   7.669001e+00
  6.999441e+02,   4.280000e+00,   4.750938e+01,   1.898881e+00,   1.018143e-03,   1.911579e+00,   7.718449e+00
  7.208088e+02,   4.302000e+00,   4.887330e+01,   1.980531e+00,   1.052030e-03,   1.953825e+00,   7.768351e+00
  7.423954e+02,   4.324000e+00,   5.025860e+01,   2.064353e+00,   1.086484e-03,   1.996266e+00,   7.818707e+00
  7.647244e+02,   4.346000e+00,   5.166566e+01,   2.150380e+00,   1.121490e-03,   2.038904e+00,   7.869518e+00
  7.878105e+02,   4.368000e+00,   5.309486e+01,   2.238645e+00,   1.157004e-03,   2.081744e+00,   7.920783e+00
  8.116725e+02,   4.390000e+00,   5.454660e+01,   2.329182e+00,   1.192995e-03,   2.124790e+00,   7.972503e+00
  8.363420e+02,   4.412000e+00,   5.602128e+01,   2.422027e+00,   1.229493e-03,   2.168046e+00,   8.024679e+00
  8.618238e+02,   4.434000e+00,   5.751930e+01,   2.517214e+00,   1.266395e-03,   2.211515e+00,   8.077311e+00
  8.881543e+02,   4.456000e+00,   5.904107e+01,   2.614782e+00,   1.303750e-03,   2.255201e+00,   8.130401e+00
  9.153517e+02,   4.478000e+00,   6.058699e+01,   2.714767e+00,   1.341515e-03,   2.299109e+00,   8.183950e+00
  9.434338e+02,   4.500000e+00,   6.215748e+01,   2.817206e+00,   1.379638e-03,   2.343241e+00,   8.237958e+00
  9.724304e+02,   4.522000e+00,   6.375298e+01,   2.922140e+00,   1.418131e-03,   2.387603e+00,   8.292426e+00
  1.002365e+03,   4.544000e+00,   6.537390e+01,   3.029606e+00,   1.456969e-03,   2.432196e+00,   8.347357e+00
  1.033263e+03,   4.566000e+00,   6.702069e+01,   3.139647e+00,   1.496130e-03,   2.477026e+00,   8.402751e+00
  1.065149e+03,   4.588000e+00,   6.869378e+01,   3.252302e+00,   1.535596e-03,   2.522096e+00,   8.458610e+00
  1.098047e+03,   4.610000e+00,   7.039362e+01,   3.367614e+00,   1.575324e-03,   2.567410e+00,   8.514935e+00
  1.131989e+03,   4.632000e+00,   7.212068e+01,   3.485626e+00,   1.615330e-03,   2.612971e+00,   8.571729e+00
  1.167000e+03,   4.654000e+00,   7.387540e+01,   3.606382e+00,   1.655579e-03,   2.658783e+00,   8.628994e+00
  1.203109e+03,   4.676000e+00,   7.565826e+01,   3.729926e+00,   1.696061e-03,   2.704851e+00,   8.686731e+00
  1.240343e+03,   4.698000e+00,   7.746974e+01,   3.856303e+00,   1.736742e-03,   2.751176e+00,   8.744944e+00
  1.278735e+03,   4.720000e+00,   7.931033e+01,   3.985561e+00,   1.777623e-03,   2.797765e+00,   8.803633e+00
  1.318313e+03,   4.742000e+00,   8.118051e+01,   4.117747e+00,   1.818684e-03,   2.844619e+00,   8.862801e+00
  1.359108e+03,   4.764000e+00,   8.308079e+01,   4.252909e+00,   1.859909e-03,   2.891744e+00,   8.922452e+00
  1.401153e+03,   4.786000e+00,   8.501169e+01,   4.391096e+00,   1.901285e-03,   2.939142e+00,   8.982588e+00
  1.444479e+03,   4.808000e+00,   8.697372e+01,   4.532359e+00,   1.942794e-03,   2.986818e+00,   9.043212e+00
  1.489120e+03,   4.830000e+00,   8.896741e+01,   4.676749e+00,   1.984418e-03,   3.034775e+00,   9.104326e+00
  1.535109e+03,   4.852000e+00,   9.099330e+01,   4.824320e+00,   2.026156e-03,   3.083018e+00,   9.165934e+00
  1.582482e+03,   4.874000e+00,   9.305195e+01,   4.975124e+00,   2.067992e-03,   3.131551e+00,   9.228040e+00
  1.631272e+03,   4.896000e+00,   9.514391e+01,   5.129216e+00,   2.109904e-03,   3.180376e+00,   9.290646e+00
  1.681516e+03,   4.918000e+00,   9.726976e+01,   5.286653e+00,   2.151891e-03,   3.229500e+00,   9.353757e+00
  1.733252e+03,   4.940000e+00,   9.943007e+01,   5.447491e+00,   2.193933e-03,   3.278924e+00,   9.417375e+00
  1.786516e+03,   4.962000e+00,   1.016255e+02,   5.611789e+00,   2.236026e-03,   3.328654e+00,   9.481506e+00
  1.841347e+03,   4.984000e+00,   1.038565e+02,   5.779607e+00,   2.278166e-03,   3.378694e+00,   9.546152e+00
  1.897785e+03,   5.006000e+00,   1.061239e+02,   5.951005e+00,   2.320328e-03,   3.429048e+00,   9.611318e+00
  1.955869e+03,   5.028000e+00,   1.084281e+02,   6.126046e+00,   2.362514e-03,   3.479720e+00,   9.677009e+00
  2.015640e+03,   5.050000e+00,   1.107700e+02,   6.304793e+00,   2.404718e-03,   3.530715e+00,   9.743229e+00
  2.077141e+03,   5.072000e+00,   1.131500e+02,   6.487312e+00,   2.446921e-03,   3.582036e+00,   9.809983e+00
  2.140413e+03,   5.094000e+00,   1.155690e+02,   6.673668e+00,   2.489121e-03,   3.633689e+00,   9.877274e+00
  2.205501e+03,   5.116000e+00,   1.180275e+02,   6.863930e+00,   2.531310e-03,   3.685678e+00,   9.945109e+00
  2.272448e+03,   5.138000e+00,   1.205264e+02,   7.058168e+00,   2.573481e-03,   3.738007e+00,   1.001349e+01
  2.341299e+03,   5.160000e+00,   1.230662e+02,   7.256452e+00,   2.615605e-03,   3.790681e+00,   1.008243e+01
  2.412103e+03,   5.182000e+00,   1.256478e+02,   7.458855e+00,   2.657723e-03,   3.843705e+00,   1.015193e+01
  2.484907e+03,   5.204000e+00,   1.282719e+02,   7.665451e+00,   2.699810e-03,   3.897083e+00,   1.022199e+01
  2.559757e+03,   5.226000e+00,   1.309392e+02,   7.876316e+00,   2.741854e-03,   3.950821e+00,   1.029262e+01
  2.636702e+03,   5.248000e+00,   1.336505e+02,   8.091528e+00,   2.783846e-03,   4.004924e+00,   1.036383e+01
  2.715793e+03,   5.270000e+00,   1.364067e+02,   8.311166e+00,   2.825782e-03,   4.059395e+00,   1.043562e+01
  2.797081e+03,   5.292000e+00,   1.392086e+02,   8.535312e+00,   2.867661e-03,   4.114241e+00,   1.050799e+01
  2.880618e+03,   5.314000e+00,   1.420569e+02,   8.764048e+00,   2.909485e-03,   4.169467e+00,   1.058097e+01
  2.966458e+03,   5.336000e+00,   1.449525e+02,   8.997460e+00,   2.951258e-03,   4.225077e+00,   1.065454e+01
  3.054651e+03,   5.358000e+00,   1.478964e+02,   9.235634e+00,   2.992938e-03,   4.281078e+00,   1.072872e+01
  3.145255e+03,   5.380000e+00,   1.508893e+02,   9.478660e+00,   3.034569e-03,   4.337474e+00,   1.080352e+01
  3.238325e+03,   5.402000e+00,   1.539323e+02,   9.726628e+00,   3.076107e-03,   4.394270e+00,   1.087894e+01
  3.333917e+03,   5.424000e+00,   1.570262e+02,   9.979631e+00,   3.117580e-03,   4.451474e+00,   1.095499e+01
  3.432087e+03,   5.446000e+00,   1.601719e+02,   1.023776e+01,   3.158976e-03,   4.509089e+00,   1.103167e+01
  3.532898e+03,   5.468000e+00,   1.633705e+02,   1.050112e+01,   3.200289e-03,   4.567122e+00,   1.110900e+01
  3.636406e+03,   5.490000e+00,   1.666230e+02,   1.076981e+01,   3.241514e-03,   4.625579e+00,   1.118697e+01
  3.742674e+03,   5.512000e+00,   1.699304e+02,   1.104393e+01,   3.282652e-03,   4.684466e+00,   1.126561e+01
  3.851763e+03,   5.534000e+00,   1.732936e+02,   1.132358e+01,   3.323704e-03,   4.743788e+00,   1.134491e+01
  3.963736e+03,   5.556000e+00,   1.767138e+02,   1.160888e+01,   3.364674e-03,   4.803552e+00,   1.142489e+01
  4.078657e+03,   5.578000e+00,   1.801921e+02,   1.189992e+01,   3.405549e-03,   4.863764e+00,   1.150554e+01
  4.196593e+03,   5.600000e+00,   1.837296e+02,   1.219683e+01,   3.446340e-03,   4.924430e+00,   1.158689e+01
  4.317608e+03,   5.622000e+00,   1.873275e+02,   1.249971e+01,   3.487032e-03,   4.985557e+00,   1.166894e+01
  4.441773e+03,   5.644000e+00,   1.909868e+02,   1.280869e+01,   3.527636e-03,   5.047152e+00,   1.175170e+01
  4.569157e+03,   5.666000e+00,   1.947088e+02,   1.312389e+01,   3.568149e-03,   5.109221e+00,   1.183518e+01
  4.699831e+03,   5.688000e+00,   1.984948e+02,   1.344543e+01,   3.608568e-03,   5.171771e+00,   1.191938e+01
  4.833869e+03,   5.710000e+00,   2.023460e+02,   1.377343e+01,   3.648897e-03,   5.234809e+00,   1.200432e+01
  4.921597e+03,   5.732000e+00,   2.063339e+02,   1.411282e+01,   3.690146e-03,   5.299245e+00,   1.209207e+01
  4.950555e+03,   5.754000e+00,   2.104621e+02,   1.446393e+01,   3.733031e-03,   5.365092e+00,   1.218261e+01
  4.973969e+03,   5.776000e+00,   2.146587e+02,   1.482196e+01,   3.776845e-03,   5.431415e+00,   1.227381e+01
  4.997285e+03,   5.798000e+00,   2.189065e+02,   1.518575e+01,   3.821277e-03,   5.497986e+00,   1.236514e+01
  5.020497e+03,   5.820000e+00,   2.232053e+02,   1.555531e+01,   3.866319e-03,   5.564797e+00,   1.245658e+01
  5.043511e+03,   5.842000e+00,   2.275445e+02,   1.592993e+01,   3.911743e-03,   5.631715e+00,   1.254786e+01
  5.066432e+03,   5.864000e+00,   2.319356e+02,   1.631043e+01,   3.957791e-03,   5.698878e+00,   1.263927e+01
  5.096575e+03,   5.886000e+00,   2.363909e+02,   1.669770e+01,   4.004731e-03,   5.766433e+00,   1.273114e+01
  5.259600e+03,   5.908000e+00,   2.408873e+02,   1.709014e+01,   4.051444e-03,   5.834092e+00,   1.282285e+01
  5.445839e+03,   5.930000e+00,   2.454619e+02,   1.749040e+01,   4.097678e-03,   5.902300e+00,   1.291536e+01
  5.636606e+03,   5.952000e+00,   2.501198e+02,   1.789889e+01,   4.143507e-03,   5.971107e+00,   1.300880e+01
  5.832001e+03,   5.974000e+00,   2.548629e+02,   1.831579e+01,   4.188938e-03,   6.040524e+00,   1.310316e+01
  6.032138e+03,   5.996000e+00,   2.596932e+02,   1.874130e+01,   4.233998e-03,   6.110561e+00,   1.319846e+01
  6.237128e+03,   6.018000e+00,   2.646124e+02,   1.917562e+01,   4.278698e-03,   6.181229e+00,   1.329472e+01
  6.447087e+03,   6.040000e+00,   2.696227e+02,   1.961894e+01,   4.323053e-03,   6.252537e+00,   1.339196e+01
  6.662133e+03,   6.062000e+00,   2.747262e+02,   2.007146e+01,   4.367080e-03,   6.324498e+00,   1.349018e+01
  6.882384e+03,   6.084000e+00,   2.799248e+02,   2.053340e+01,   4.410783e-03,   6.397121e+00,   1.358942e+01
  7.107968e+03,   6.106000e+00,   2.852209e+02,   2.100499e+01,   4.454182e-03,   6.470419e+00,   1.368967e+01
  7.339008e+03,   6.128000e+00,   2.906167e+02,   2.148643e+01,   4.497285e-03,   6.544403e+00,   1.379096e+01
  7.575634e+03,   6.150000e+00,   2.961144e+02,   2.197797e+01,   4.540104e-03,   6.619085e+00,   1.389330e+01
  7.817977e+03,   6.172000e+00,   3.017164e+02,   2.247984e+01,   4.582649e-03,   6.694477e+00,   1.399672e+01
  8.066169e+03,   6.194000e+00,   3.074252e+02,   2.299228e+01,   4.624925e-03,   6.770591e+00,   1.410122e+01
  8.320346e+03,   6.216000e+00,   3.132432e+02,   2.351553e+01,   4.666946e-03,   6.847439e+00,   1.420684e+01
  8.580644e+03,   6.238000e+00,   3.191729e+02,   2.404987e+01,   4.708719e-03,   6.925033e+00,   1.431357e+01
  8.847203e+03,   6.260000e+00,   3.252169e+02,   2.459554e+01,   4.750250e-03,   7.003387e+00,   1.442145e+01
  9.120160e+03,   6.282000e+00,   3.313778e+02,   2.515281e+01,   4.791546e-03,   7.082512e+00,   1.453048e+01
  9.399657e+03,   6.304000e+00,   3.376584e+02,   2.572196e+01,   4.832614e-03,   7.162421e+00,   1.464069e+01
  9.685837e+03,   6.326000e+00,   3.440614e+02,   2.630327e+01,   4.873461e-03,   7.243127e+00,   1.475210e+01
  9.978842e+03,   6.348000e+00,   3.505895e+02,   2.689701e+01,   4.914093e-03,   7.324641e+00,   1.486471e+01
  1.027880e+04,   6.370000e+00,   3.572456e+02,   2.750348e+01,   4.954501e-03,   7.406977e+00,   1.497855e+01
  1.058589e+04,   6.392000e+00,   3.640327e+02,   2.812299e+01,   4.994721e-03,   7.490148e+00,   1.509364e+01
  1.090025e+04,   6.414000e+00,   3.709538e+02,   2.875582e+01,   5.034745e-03,   7.574166e+00,   1.520999e+01
  1.122198e+04,   6.436000e+00,   3.780115e+02,   2.940229e+01,   5.074554e-03,   7.659043e+00,   1.532761e+01
  1.155128e+04,   6.458000e+00,   3.852093e+02,   3.006273e+01,   5.114178e-03,   7.744792e+00,   1.544653e+01
  1.188829e+04,   6.480000e+00,   3.925502e+02,   3.073745e+01,   5.153628e-03,   7.831426e+00,   1.556676e+01
  1.223313e+04,   6.502000e+00,   4.000372e+02,   3.142677e+01,   5.192880e-03,   7.918957e+00,   1.568832e+01
  1.258597e+04,   6.524000e+00,   4.076738e+02,   3.213104e+01,   5.231964e-03,   8.007398e+00,   1.581122e+01
  1.294695e+04,   6.546000e+00,   4.154630e+02,   3.285059e+01,   5.270861e-03,   8.096761e+00,   1.593548e+01
  1.331624e+04,   6.568000e+00,   4.234085e+02,   3.358580e+01,   5.309599e-03,   8.187059e+00,   1.606111e+01
  1.369397e+04,   6.590000e+00,   4.315135e+02,   3.433700e+01,   5.348165e-03,   8.278305e+00,   1.618814e+01
  1.408030e+04,   6.612000e+00,   4.397814e+02,   3.510455e+01,   5.386559e-03,   8.370510e+00,   1.631657e+01
  1.447538e+04,   6.634000e+00,   4.482160e+02,   3.588884e+01,   5.424795e-03,   8.463689e+00,   1.644643e+01
  1.487937e+04,   6.656000e+00,   4.568207e+02,   3.669025e+01,   5.462876e-03,   8.557853e+00,   1.657773e+01
  1.529244e+04,   6.678000e+00,   4.655994e+02,   3.750916e+01,   5.500804e-03,   8.653015e+00,   1.671048e+01
  1.571472e+04,   6.700000e+00,   4.745556e+02,   3.834598e+01,   5.538576e-03,   8.749188e+00,   1.684470e+01
  1.614638e+04,   6.722000e+00,   4.836933e+02,   3.920109e+01,   5.576198e-03,   8.846385e+00,   1.698041e+01
  1.658760e+04,   6.744000e+00,   4.930165e+02,   4.007494e+01,   5.613684e-03,   8.944620e+00,   1.711763e+01
  1.703851e+04,   6.766000e+00,   5.025290e+02,   4.096793e+01,   5.651021e-03,   9.043904e+00,   1.725636e+01
  1.749933e+04,   6.788000e+00,   5.122353e+02,   4.188051e+01,   5.688231e-03,   9.144254e+00,   1.739663e+01
  1.797016e+04,   6.810000e+00,   5.221390e+02,   4.281310e+01,   5.725294e-03,   9.245677e+00,   1.753846e+01
  1.845121e+04,   6.832000e+00,   5.322448e+02,   4.376618e+01,   5.762232e-03,   9.348192e+00,   1.768185e+01
  1.894265e+04,   6.854000e+00,   5.425569e+02,   4.474020e+01,   5.799043e-03,   9.451812e+00,   1.782683e+01
  1.944466e+04,   6.876000e+00,   5.530799e+02,   4.573564e+01,   5.835731e-03,   9.556549e+00,   1.797342e+01
  1.995741e+04,   6.898000e+00,   5.638183e+02,   4.675300e+01,   5.872298e-03,   9.662419e+00,   1.812163e+01
  2.047375e+04,   6.920000e+00,   5.747091e+02,   4.778713e+01,   5.906480e-03,   9.768859e+00,   1.827041e+01
  2.100411e+04,   6.942000e+00,   5.858508e+02,   4.884632e+01,   5.941515e-03,   9.876689e+00,   1.842127e+01
  2.154985e+04,   6.964000e+00,   5.972599e+02,   4.993208e+01,   5.977703e-03,   9.986015e+00,   1.857442e+01
  2.211153e+04,   6.986000e+00,   6.089457e+02,   5.104532e+01,   6.015085e-03,   1.009688e+01,   1.872990e+01
  2.268804e+04,   7.008000e+00,   6.209023e+02,   5.218568e+01,   6.053249e-03,   1.020920e+01,   1.888755e+01
  2.325995e+04,   7.030000e+00,   6.329475e+02,   5.333799e+01,   6.086812e-03,   1.032145e+01,   1.904456e+01
  2.384848e+04,   7.052000e+00,   6.452856e+02,   5.451948e+01,   6.121487e-03,   1.043529e+01,   1.920399e+01
  2.445423e+04,   7.074000e+00,   6.579268e+02,   5.573120e+01,   6.157315e-03,   1.055077e+01,   1.936589e+01
  2.507784e+04,   7.096000e+00,   6.708822e+02,   5.697421e+01,   6.194337e-03,   1.066793e+01,   1.953035e+01
  2.571678e+04,   7.118000e+00,   6.841319e+02,   5.824701e+01,   6.231871e-03,   1.078658e+01,   1.969700e+01
  2.634995e+04,   7.140000e+00,   6.974723e+02,   5.953237e+01,   6.265052e-03,   1.090509e+01,   1.986285e+01
  2.700169e+04,   7.162000e+00,   7.111443e+02,   6.085090e+01,   6.299344e-03,   1.102534e+01,   2.003133e+01
  2.767268e+04,   7.184000e+00,   7.251601e+02,   6.220382e+01,   6.334787e-03,   1.114738e+01,   2.020251e+01
  2.836366e+04,   7.206000e+00,   7.395324e+02,   6.359239e+01,   6.371426e-03,   1.127125e+01,   2.037648e+01
  2.907371e+04,   7.228000e+00,   7.542578e+02,   6.501649e+01,   6.408983e-03,   1.139690e+01,   2.055309e+01
  2.977392e+04,   7.250000e+00,   7.690490e+02,   6.645150e+01,   6.441798e-03,   1.152212e+01,   2.072839e+01
  3.049486e+04,   7.272000e+00,   7.842162e+02,   6.792426e+01,   6.475723e-03,   1.164924e+01,   2.090654e+01
  3.123732e+04,   7.294000e+00,   7.997734e+02,   6.943617e+01,   6.510800e-03,   1.177831e+01,   2.108764e+01
  3.200212e+04,   7.316000e+00,   8.157355e+02,   7.098872e+01,   6.547074e-03,   1.190940e+01,   2.127177e+01
  3.279015e+04,   7.338000e+00,   8.321180e+02,   7.258345e+01,   6.584591e-03,   1.204256e+01,   2.145903e+01
  3.356885e+04,   7.360000e+00,   8.485910e+02,   7.419176e+01,   6.617811e-03,   1.217538e+01,   2.164512e+01
  3.436655e+04,   7.382000e+00,   8.654483e+02,   7.583937e+01,   6.651439e-03,   1.230996e+01,   2.183376e+01
  3.518833e+04,   7.404000e+00,   8.827492e+02,   7.753168e+01,   6.686223e-03,   1.244667e+01,   2.202562e+01
  3.603515e+04,   7.426000e+00,   9.005111e+02,   7.927042e+01,   6.722210e-03,   1.258559e+01,   2.222079e+01
  3.690801e+04,   7.448000e+00,   9.187522e+02,   8.105742e+01,   6.759447e-03,   1.272679e+01,   2.241938e+01
  3.778129e+04,   7.470000e+00,   9.372107e+02,   8.286979e+01,   6.794023e-03,   1.286841e+01,   2.261812e+01
  3.866567e+04,   7.492000e+00,   9.560012e+02,   8.471774e+01,   6.827489e-03,   1.301122e+01,   2.281836e+01
  3.957714e+04,   7.514000e+00,   9.752988e+02,   8.661695e+01,   6.862122e-03,   1.315638e+01,   2.302213e+01
  4.051678e+04,   7.536000e+00,   9.951237e+02,   8.856947e+01,   6.897969e-03,   1.330396e+01,   2.322952e+01
  4.148575e+04,   7.558000e+00,   1.015497e+03,   9.057745e+01,   6.935081e-03,   1.345404e+01,   2.344067e+01
  4.247070e+04,   7.580000e+00,   1.036287e+03,   9.262930e+01,   6.971536e-03,   1.360569e+01,   2.365394e+01
  4.345508e+04,   7.602000e+00,   1.057321e+03,   9.470981e+01,   7.005045e-03,   1.375776e+01,   2.386730e+01
  4.447014e+04,   7.624000e+00,   1.078939e+03,   9.684952e+01,   7.039741e-03,   1.391242e+01,   2.408453e+01
  4.551714e+04,   7.646000e+00,   1.101164e+03,   9.905088e+01,   7.075675e-03,   1.406976e+01,   2.430578e+01
  4.659744e+04,   7.668000e+00,   1.124023e+03,   1.013165e+02,   7.112900e-03,   1.422987e+01,   2.453117e+01
  4.771248e+04,   7.690000e+00,   1.147542e+03,   1.036490e+02,   7.151470e-03,   1.439286e+01,   2.476086e+01
  4.881591e+04,   7.712000e+00,   1.171233e+03,   1.060046e+02,   7.185446e-03,   1.455560e+01,   2.498949e+01
  4.995327e+04,   7.734000e+00,   1.195591e+03,   1.084281e+02,   7.220498e-03,   1.472116e+01,   2.522230e+01
  5.112726e+04,   7.756000e+00,   1.220656e+03,   1.109236e+02,   7.256827e-03,   1.488971e+01,   2.545957e+01
  5.233948e+04,   7.778000e+00,   1.246461e+03,   1.134943e+02,   7.294490e-03,   1.506137e+01,   2.570148e+01
  5.359163e+04,   7.800000e+00,   1.273036e+03,   1.161434e+02,   7.333546e-03,   1.523624e+01,   2.594819e+01
  5.485356e+04,   7.822000e+00,   1.300074e+03,   1.188430e+02,   7.370210e-03,   1.541241e+01,   2.619640e+01
  5.613840e+04,   7.844000e+00,   1.327721e+03,   1.216068e+02,   7.405991e-03,   1.559070e+01,   2.644755e+01
  5.746583e+04,   7.866000e+00,   1.356205e+03,   1.244559e+02,   7.443110e-03,   1.577238e+01,   2.670374e+01
  5.883779e+04,   7.888000e+00,   1.385562e+03,   1.273940e+02,   7.481629e-03,   1.595758e+01,   2.696516e+01
  6.025635e+04,   7.910000e+00,   1.415833e+03,   1.304252e+02,   7.521613e-03,   1.614642e+01,   2.723202e+01
  6.170640e+04,   7.932000e+00,   1.446877e+03,   1.335371e+02,   7.561071e-03,   1.633801e+01,   2.750277e+01
  6.317253e+04,   7.954000e+00,   1.478542e+03,   1.367158e+02,   7.598042e-03,   1.653142e+01,   2.777586e+01
  6.468905e+04,   7.976000e+00,   1.511210e+03,   1.399970e+02,   7.636443e-03,   1.672873e+01,   2.805473e+01
  6.625838e+04,   7.998000e+00,   1.544929e+03,   1.433854e+02,   7.676341e-03,   1.693007e+01,   2.833962e+01
  6.788308e+04,   8.020000e+00,   1.579750e+03,   1.468864e+02,   7.717810e-03,   1.713561e+01,   2.863075e+01
  6.955871e+04,   8.042000e+00,   1.615651e+03,   1.504985e+02,   7.760049e-03,   1.734512e+01,   2.892773e+01
  7.125182e+04,   8.064000e+00,   1.652310e+03,   1.541919e+02,   7.798782e-03,   1.755677e+01,   2.922745e+01
  7.300579e+04,   8.086000e+00,   1.690194e+03,   1.580107e+02,   7.839073e-03,   1.777295e+01,   2.953392e+01
  7.482369e+04,   8.108000e+00,   1.729367e+03,   1.619613e+02,   7.881002e-03,   1.799386e+01,   2.984743e+01
  7.670883e+04,   8.130000e+00,   1.769894e+03,   1.660505e+02,   7.924652e-03,   1.821970e+01,   3.016826e+01
  7.866064e+04,   8.152000e+00,   1.811806e+03,   1.702817e+02,   7.969579e-03,   1.845047e+01,   3.049639e+01
  8.064321e+04,   8.174000e+00,   1.854784e+03,   1.746254e+02,   8.010787e-03,   1.868441e+01,   3.082890e+01
  8.270101e+04,   8.196000e+00,   1.899294e+03,   1.791261e+02,   8.053735e-03,   1.892376e+01,   3.116943e+01
  8.483813e+04,   8.218000e+00,   1.945420e+03,   1.837923e+02,   8.098517e-03,   1.916875e+01,   3.151836e+01
  8.705894e+04,   8.240000e+00,   1.993251e+03,   1.886331e+02,   8.145234e-03,   1.941964e+01,   3.187607e+01
  8.935939e+04,   8.262000e+00,   2.042805e+03,   1.936510e+02,   8.192703e-03,   1.967634e+01,   3.224235e+01
  9.171847e+04,   8.284000e+00,   2.093943e+03,   1.988335e+02,   8.237300e-03,   1.993799e+01,   3.261577e+01
  9.417311e+04,   8.306000e+00,   2.147047e+03,   2.042175e+02,   8.283893e-03,   2.020622e+01,   3.299899e+01
  9.672891e+04,   8.328000e+00,   2.202232e+03,   2.098148e+02,   8.332599e-03,   2.048136e+01,   3.339247e+01
  9.939192e+04,   8.350000e+00,   2.259622e+03,   2.156381e+02,   8.383543e-03,   2.076373e+01,   3.379672e+01
  1.021495e+05,   8.372000e+00,   2.319213e+03,   2.216879e+02,   8.433366e-03,   2.105308e+01,   3.421126e+01
  1.050095e+05,   8.394000e+00,   2.381141e+03,   2.279783e+02,   8.482569e-03,   2.134978e+01,   3.463665e+01
  1.079948e+05,   8.416000e+00,   2.445666e+03,   2.345350e+02,   8.534134e-03,   2.165471e+01,   3.507429e+01
  1.111134e+05,   8.438000e+00,   2.512953e+03,   2.413750e+02,   8.588210e-03,   2.196830e+01,   3.552483e+01
  1.143568e+05,   8.460000e+00,   2.582980e+03,   2.484973e+02,   8.643988e-03,   2.229015e+01,   3.598754e+01
  1.176338e+05,   8.482000e+00,   2.654727e+03,   2.558047e+02,   8.695650e-03,   2.261561e+01,   3.645488e+01
  1.210756e+05,   8.504000e+00,   2.729849e+03,   2.634576e+02,   8.750052e-03,   2.295150e+01,   3.693785e+01
  1.246944e+05,   8.526000e+00,   2.808591e+03,   2.714810e+02,   8.807392e-03,   2.329846e+01,   3.743737e+01
  1.285032e+05,   8.548000e+00,   2.891224e+03,   2.799026e+02,   8.867891e-03,   2.365717e+01,   3.795448e+01
  1.317301e+05,   8.570000e+00,   2.966903e+03,   2.876728e+02,   8.918164e-03,   2.398337e+01,   3.841822e+01
  1.349724e+05,   8.592000e+00,   3.043939e+03,   2.955952e+02,   8.968618e-03,   2.431145e+01,   3.888384e+01
  1.383574e+05,   8.614000e+00,   3.124191e+03,   3.038508e+02,   9.021458e-03,   2.464869e+01,   3.936296e+01
  1.418944e+05,   8.636000e+00,   3.207862e+03,   3.124609e+02,   9.076837e-03,   2.499556e+01,   3.985629e+01
  1.455933e+05,   8.658000e+00,   3.295178e+03,   3.214487e+02,   9.134921e-03,   2.535259e+01,   4.036460e+01
  1.490986e+05,   8.680000e+00,   3.381280e+03,   3.303411e+02,   9.186708e-03,   2.570095e+01,   4.085791e+01
  1.526954e+05,   8.702000e+00,   3.470104e+03,   3.395224e+02,   9.239412e-03,   2.605573e+01,   4.136027e+01
  1.564492e+05,   8.724000e+00,   3.562641e+03,   3.490908e+02,   9.294599e-03,   2.642041e+01,   4.187711e+01
  1.603700e+05,   8.746000e+00,   3.659130e+03,   3.590709e+02,   9.352429e-03,   2.679549e+01,   4.240922e+01
  1.644688e+05,   8.768000e+00,   3.759827e+03,   3.694897e+02,   9.413074e-03,   2.718153e+01,   4.295741e+01
  1.682608e+05,   8.790000e+00,   3.856926e+03,   3.795805e+02,   9.466090e-03,   2.755027e+01,   4.347700e+01
  1.720692e+05,   8.812000e+00,   3.955662e+03,   3.898576e+02,   9.518377e-03,   2.792081e+01,   4.399824e+01
  1.760519e+05,   8.834000e+00,   4.058686e+03,   4.005829e+02,   9.573256e-03,   2.830234e+01,   4.453560e+01
  1.802207e+05,   8.856000e+00,   4.166284e+03,   4.117865e+02,   9.630901e-03,   2.869546e+01,   4.508995e+01
  1.845884e+05,   8.878000e+00,   4.278770e+03,   4.235011e+02,   9.691501e-03,   2.910083e+01,   4.566228e+01
  1.886957e+05,   8.900000e+00,   4.387553e+03,   4.348771e+02,   9.747042e-03,   2.948916e+01,   4.620661e+01
  1.922255e+05,   8.922000e+00,   4.486496e+03,   4.453039e+02,   9.792042e-03,   2.984065e+01,   4.669208e+01
  1.958945e+05,   8.944000e+00,   4.589095e+03,   4.561182e+02,   9.838956e-03,   3.020087e+01,   4.719018e+01
  1.997106e+05,   8.966000e+00,   4.695555e+03,   4.673419e+02,   9.887893e-03,   3.057025e+01,   4.770151e+01
  2.036824e+05,   8.988000e+00,   4.806102e+03,   4.789988e+02,   9.938969e-03,   3.094921e+01,   4.822669e+01
  2.078080e+05,   9.010000e+00,   4.920787e+03,   4.910955e+02,   9.992219e-03,   3.133764e+01,   4.876547e+01
  2.120974e+05,   9.032000e+00,   5.039862e+03,   5.036588e+02,   1.004777e-02,   3.173600e+01,   4.931858e+01
  2.158346e+05,   9.054000e+00,   5.151640e+03,   5.155207e+02,   1.009387e-02,   3.210759e+01,   4.982896e+01
  2.196886e+05,   9.076000e+00,   5.266943e+03,   5.277624e+02,   1.014155e-02,   3.248663e+01,   5.034984e+01
  2.236738e+05,   9.098000e+00,   5.386086e+03,   5.404167e+02,   1.019104e-02,   3.287385e+01,   5.088232e+01
  2.277968e+05,   9.120000e+00,   5.509261e+03,   5.535043e+02,   1.024241e-02,   3.326958e+01,   5.142688e+01
  2.320647e+05,   9.142000e+00,   5.636675e+03,   5.670474e+02,   1.029577e-02,   3.367419e+01,   5.198403e+01
  2.364851e+05,   9.164000e+00,   5.768548e+03,   5.810695e+02,   1.035123e-02,   3.408805e+01,   5.255433e+01
  2.411639e+05,   9.186000e+00,   5.907453e+03,   5.958316e+02,   1.040867e-02,   3.451839e+01,   5.314884e+01
  2.464795e+05,   9.208000e+00,   6.062516e+03,   6.122580e+02,   1.046761e-02,   3.499103e+01,   5.380718e+01
  2.520171e+05,   9.230000e+00,   6.223946e+03,   6.293646e+02,   1.052923e-02,   3.547655e+01,   5.448395e+01
  2.577906e+05,   9.252000e+00,   6.392141e+03,   6.471939e+02,   1.059370e-02,   3.597560e+01,   5.518009e+01
  2.638150e+05,   9.274000e+00,   6.567533e+03,   6.657920e+02,   1.066120e-02,   3.648891e+01,   5.589662e+01
  2.701069e+05,   9.296000e+00,   6.750590e+03,   6.852090e+02,   1.073193e-02,   3.701722e+01,   5.663464e+01
  2.761832e+05,   9.318000e+00,   6.933358e+03,   7.046391e+02,   1.079746e-02,   3.753844e+01,   5.736031e+01
  2.823169e+05,   9.340000e+00,   7.120462e+03,   7.245526e+02,   1.086243e-02,   3.806523e+01,   5.809301e+01
  2.887288e+05,   9.362000e+00,   7.315822e+03,   7.453501e+02,   1.093053e-02,   3.860773e+01,   5.884818e+01
  2.954377e+05,   9.384000e+00,   7.519996e+03,   7.670913e+02,   1.100200e-02,   3.916681e+01,   5.962708e+01
  3.024641e+05,   9.406000e+00,   7.733594e+03,   7.898415e+02,   1.107705e-02,   3.974342e+01,   6.043107e+01
  3.091899e+05,   9.428000e+00,   7.942045e+03,   8.121140e+02,   1.114806e-02,   4.029993e+01,   6.120292e+01
  3.141626e+05,   9.450000e+00,   8.110584e+03,   8.303479e+02,   1.119721e-02,   4.074987e+01,   6.181160e+01
  3.193436e+05,   9.472000e+00,   8.285755e+03,   8.492982e+02,   1.124862e-02,   4.121229e+01,   6.243807e+01
  3.247459e+05,   9.494000e+00,   8.467964e+03,   8.690091e+02,   1.130243e-02,   4.168782e+01,   6.308323e+01
  3.303832e+05,   9.516000e+00,   8.657652e+03,   8.895279e+02,   1.135880e-02,   4.217715e+01,   6.374806e+01
  3.362705e+05,   9.538000e+00,   8.855297e+03,   9.109065e+02,   1.141787e-02,   4.268102e+01,   6.443361e+01
  3.424243e+05,   9.560000e+00,   9.061420e+03,   9.332010e+02,   1.147984e-02,   4.320021e+01,   6.514101e+01
  3.488397e+05,   9.582000e+00,   9.276037e+03,   9.564158e+02,   1.154462e-02,   4.373429e+01,   6.586953e+01
  3.535966e+05,   9.604000e+00,   9.452372e+03,   9.757254e+02,   1.158939e-02,   4.417360e+01,   6.645415e+01
  3.584958e+05,   9.626000e+00,   9.633802e+03,   9.955986e+02,   1.163564e-02,   4.462122e+01,   6.705025e+01
  3.635437e+05,   9.648000e+00,   9.820551e+03,   1.016060e+03,   1.168342e-02,   4.507744e+01,   6.765824e+01
  3.687466e+05,   9.670000e+00,   1.001285e+04,   1.037135e+03,   1.173281e-02,   4.554258e+01,   6.827857e+01
