  Hugoniot 
  Temperature,    Density,        Pressure,       Int. Energy,    Sp. Entropy,    Part. Vel.,     Shock Vel. 
  K,              g/cm3,          GPa,            MJ/kg,          MJ/K/kg,        km/s,           km/s
  2.980000e+02,   3.320000e+00,  -3.105992e-03,   3.668131e-01,   6.432334e-04,   0.000000e+00,   6.599410e+00
  2.983673e+02,   3.325000e+00,   2.171198e-01,   3.668616e-01,   6.432327e-04,   9.987441e-03,   6.641649e+00
  2.987349e+02,   3.330000e+00,   4.423404e-01,   3.670117e-01,   6.432381e-04,   2.007274e-02,   6.684221e+00
  2.991042e+02,   3.335000e+00,   6.726550e-01,   3.672666e-01,   6.432431e-04,   3.025696e-02,   6.727130e+00
  2.994762e+02,   3.340000e+00,   9.081647e-01,   3.676293e-01,   6.432473e-04,   4.054118e-02,   6.770378e+00
  2.998512e+02,   3.345000e+00,   1.147907e+00,   3.681017e-01,   6.432676e-04,   5.090295e-02,   6.810815e+00
  3.002262e+02,   3.350000e+00,   1.387764e+00,   3.686806e-01,   6.432924e-04,   6.125090e-02,   6.839684e+00
  3.006011e+02,   3.355000e+00,   1.627322e+00,   3.693649e-01,   6.433208e-04,   7.157634e-02,   6.861104e+00
  3.009757e+02,   3.360000e+00,   1.866586e+00,   3.701541e-01,   6.433531e-04,   8.187971e-02,   6.877896e+00
  3.013504e+02,   3.365000e+00,   2.105562e+00,   3.710474e-01,   6.433896e-04,   9.216134e-02,   6.891620e+00
  3.017251e+02,   3.370000e+00,   2.344257e+00,   3.720443e-01,   6.434306e-04,   1.024215e-01,   6.903209e+00
  3.020999e+02,   3.375000e+00,   2.582677e+00,   3.731440e-01,   6.434764e-04,   1.126604e-01,   6.913254e+00
  3.024750e+02,   3.380000e+00,   2.820828e+00,   3.743460e-01,   6.435274e-04,   1.228784e-01,   6.922149e+00
  3.028503e+02,   3.385000e+00,   3.058717e+00,   3.756497e-01,   6.435839e-04,   1.330756e-01,   6.930166e+00
  3.032261e+02,   3.390000e+00,   3.296349e+00,   3.770544e-01,   6.436462e-04,   1.432522e-01,   6.937498e+00
  3.036024e+02,   3.395000e+00,   3.533731e+00,   3.785595e-01,   6.437147e-04,   1.534084e-01,   6.944288e+00
  3.039793e+02,   3.400000e+00,   3.770869e+00,   3.801645e-01,   6.437898e-04,   1.635445e-01,   6.950642e+00
  3.056469e+02,   3.422000e+00,   4.811528e+00,   3.883982e-01,   6.442067e-04,   2.079087e-01,   6.975133e+00
  3.073362e+02,   3.444000e+00,   5.848093e+00,   3.985069e-01,   6.447882e-04,   2.519026e-01,   6.996392e+00
  3.090561e+02,   3.466000e+00,   6.881071e+00,   4.104462e-01,   6.455478e-04,   2.955419e-01,   7.016085e+00
  3.108176e+02,   3.488000e+00,   7.910962e+00,   4.241750e-01,   6.463374e-04,   3.388420e-01,   7.035005e+00
  3.126282e+02,   3.510000e+00,   8.938260e+00,   4.396549e-01,   6.473893e-04,   3.818178e-01,   7.053581e+00
  3.144978e+02,   3.532000e+00,   9.963452e+00,   4.568502e-01,   6.487403e-04,   4.244838e-01,   7.072061e+00
  3.164368e+02,   3.554000e+00,   1.098702e+01,   4.757280e-01,   6.504284e-04,   4.668544e-01,   7.090601e+00
  3.184558e+02,   3.576000e+00,   1.200943e+01,   4.962579e-01,   6.524935e-04,   5.089435e-01,   7.109304e+00
  3.205681e+02,   3.598000e+00,   1.303116e+01,   5.184117e-01,   6.547734e-04,   5.507646e-01,   7.128242e+00
  3.227834e+02,   3.620000e+00,   1.405266e+01,   5.421637e-01,   6.574552e-04,   5.923312e-01,   7.147463e+00
  3.251131e+02,   3.642000e+00,   1.507440e+01,   5.674904e-01,   6.606282e-04,   6.336561e-01,   7.167005e+00
  3.275692e+02,   3.664000e+00,   1.609681e+01,   5.943705e-01,   6.643360e-04,   6.747522e-01,   7.186895e+00
  3.301657e+02,   3.686000e+00,   1.712035e+01,   6.227846e-01,   6.684717e-04,   7.156317e-01,   7.207154e+00
  3.329155e+02,   3.708000e+00,   1.814545e+01,   6.527152e-01,   6.730805e-04,   7.563069e-01,   7.227798e+00
  3.358301e+02,   3.730000e+00,   1.917255e+01,   6.841470e-01,   6.783451e-04,   7.967895e-01,   7.248841e+00
  3.389229e+02,   3.752000e+00,   2.020207e+01,   7.170662e-01,   6.842939e-04,   8.370912e-01,   7.270292e+00
  3.422113e+02,   3.774000e+00,   2.123444e+01,   7.514608e-01,   6.906691e-04,   8.772232e-01,   7.292159e+00
  3.457055e+02,   3.796000e+00,   2.227007e+01,   7.873206e-01,   6.978237e-04,   9.171966e-01,   7.314450e+00
  3.494207e+02,   3.818000e+00,   2.330938e+01,   8.246367e-01,   7.057349e-04,   9.570221e-01,   7.337170e+00
  3.533743e+02,   3.840000e+00,   2.435278e+01,   8.634022e-01,   7.142067e-04,   9.967104e-01,   7.360323e+00
  3.575777e+02,   3.862000e+00,   2.540067e+01,   9.036111e-01,   7.235837e-04,   1.036272e+00,   7.383913e+00
  3.620497e+02,   3.884000e+00,   2.645344e+01,   9.452593e-01,   7.335987e-04,   1.075716e+00,   7.407943e+00
  3.668034e+02,   3.906000e+00,   2.751151e+01,   9.883438e-01,   7.444959e-04,   1.115053e+00,   7.432415e+00
  3.718568e+02,   3.928000e+00,   2.857525e+01,   1.032863e+00,   7.561369e-04,   1.154292e+00,   7.457332e+00
  3.772243e+02,   3.950000e+00,   2.964505e+01,   1.078817e+00,   7.686770e-04,   1.193443e+00,   7.482696e+00
  3.829251e+02,   3.972000e+00,   3.072131e+01,   1.126205e+00,   7.819581e-04,   1.232514e+00,   7.508507e+00
  3.889727e+02,   3.994000e+00,   3.180439e+01,   1.175031e+00,   7.962218e-04,   1.271515e+00,   7.534766e+00
  3.953887e+02,   4.016000e+00,   3.289468e+01,   1.225297e+00,   8.111984e-04,   1.310455e+00,   7.561475e+00
  4.021876e+02,   4.038000e+00,   3.399254e+01,   1.277007e+00,   8.270967e-04,   1.349341e+00,   7.588633e+00
  4.093873e+02,   4.060000e+00,   3.509836e+01,   1.330167e+00,   8.439200e-04,   1.388182e+00,   7.616242e+00
  4.170079e+02,   4.082000e+00,   3.621248e+01,   1.384783e+00,   8.615475e-04,   1.426986e+00,   7.644301e+00
  4.250676e+02,   4.104000e+00,   3.733529e+01,   1.440862e+00,   8.800135e-04,   1.465761e+00,   7.672809e+00
  4.335844e+02,   4.126000e+00,   3.846713e+01,   1.498412e+00,   8.993630e-04,   1.504514e+00,   7.701768e+00
  4.425780e+02,   4.148000e+00,   3.960836e+01,   1.557442e+00,   9.195725e-04,   1.543253e+00,   7.731177e+00
  4.520681e+02,   4.170000e+00,   4.075934e+01,   1.617962e+00,   9.406215e-04,   1.581986e+00,   7.761035e+00
  4.620748e+02,   4.192000e+00,   4.192042e+01,   1.679982e+00,   9.624925e-04,   1.620718e+00,   7.791342e+00
  4.726187e+02,   4.214000e+00,   4.309194e+01,   1.743514e+00,   9.851705e-04,   1.659458e+00,   7.822096e+00
  4.837204e+02,   4.236000e+00,   4.427426e+01,   1.808571e+00,   1.008643e-03,   1.698211e+00,   7.853298e+00
  4.954010e+02,   4.258000e+00,   4.546772e+01,   1.875165e+00,   1.032898e-03,   1.736985e+00,   7.884947e+00
  5.076817e+02,   4.280000e+00,   4.667265e+01,   1.943309e+00,   1.057927e-03,   1.775785e+00,   7.917041e+00
  5.205877e+02,   4.302000e+00,   4.788940e+01,   2.013019e+00,   1.083601e-03,   1.814618e+00,   7.949580e+00
  5.341383e+02,   4.324000e+00,   4.911830e+01,   2.084309e+00,   1.110009e-03,   1.853490e+00,   7.982563e+00
  5.483565e+02,   4.346000e+00,   5.035969e+01,   2.157195e+00,   1.137129e-03,   1.892408e+00,   8.015988e+00
  5.632693e+02,   4.368000e+00,   5.161389e+01,   2.231694e+00,   1.164826e-03,   1.931375e+00,   8.049854e+00
  5.788968e+02,   4.390000e+00,   5.288125e+01,   2.307821e+00,   1.193196e-03,   1.970399e+00,   8.084161e+00
  5.952668e+02,   4.412000e+00,   5.416209e+01,   2.385596e+00,   1.222121e-03,   2.009485e+00,   8.118906e+00
  6.124037e+02,   4.434000e+00,   5.545673e+01,   2.465035e+00,   1.251596e-03,   2.048637e+00,   8.154090e+00
  6.303326e+02,   4.456000e+00,   5.676550e+01,   2.546157e+00,   1.281614e-03,   2.087861e+00,   8.189709e+00
  6.490808e+02,   4.478000e+00,   5.808872e+01,   2.628982e+00,   1.312128e-03,   2.127163e+00,   8.225764e+00
  6.686760e+02,   4.500000e+00,   5.942672e+01,   2.713529e+00,   1.343096e-03,   2.166546e+00,   8.262252e+00
  6.891467e+02,   4.522000e+00,   6.077982e+01,   2.799818e+00,   1.374487e-03,   2.206016e+00,   8.299173e+00
  7.105215e+02,   4.544000e+00,   6.214833e+01,   2.887871e+00,   1.406274e-03,   2.245578e+00,   8.336524e+00
  7.328298e+02,   4.566000e+00,   6.353257e+01,   2.977707e+00,   1.438434e-03,   2.285235e+00,   8.374304e+00
  7.561013e+02,   4.588000e+00,   6.493287e+01,   3.069350e+00,   1.470950e-03,   2.324992e+00,   8.412512e+00
  7.803718e+02,   4.610000e+00,   6.634952e+01,   3.162820e+00,   1.503732e-03,   2.364854e+00,   8.451147e+00
  8.056686e+02,   4.632000e+00,   6.778286e+01,   3.258140e+00,   1.536823e-03,   2.404825e+00,   8.490206e+00
  8.213348e+02,   4.654000e+00,   6.894978e+01,   3.343099e+00,   1.555356e-03,   2.439899e+00,   8.512213e+00
  7.895179e+02,   4.676000e+00,   6.884850e+01,   3.373526e+00,   1.506648e-03,   2.452339e+00,   8.456592e+00
  7.580435e+02,   4.698000e+00,   6.874735e+01,   3.403531e+00,   1.456384e-03,   2.464546e+00,   8.402348e+00
  7.269006e+02,   4.720000e+00,   6.864634e+01,   3.433120e+00,   1.404442e-03,   2.476524e+00,   8.349423e+00
  6.960797e+02,   4.742000e+00,   6.854544e+01,   3.462299e+00,   1.350672e-03,   2.488279e+00,   8.297764e+00
  6.655690e+02,   4.764000e+00,   6.844465e+01,   3.491073e+00,   1.294943e-03,   2.499817e+00,   8.247320e+00
  6.353584e+02,   4.786000e+00,   6.834395e+01,   3.519447e+00,   1.237093e-03,   2.511143e+00,   8.198043e+00
  6.054380e+02,   4.808000e+00,   6.824333e+01,   3.547426e+00,   1.176933e-03,   2.522262e+00,   8.149889e+00
  5.757985e+02,   4.830000e+00,   6.814278e+01,   3.575016e+00,   1.114251e-03,   2.533178e+00,   8.102814e+00
  5.464306e+02,   4.852000e+00,   6.804230e+01,   3.602221e+00,   1.048802e-03,   2.543896e+00,   8.056778e+00
  5.173256e+02,   4.874000e+00,   6.794186e+01,   3.629046e+00,   9.803086e-04,   2.554420e+00,   8.011740e+00
  4.884753e+02,   4.896000e+00,   6.784146e+01,   3.655496e+00,   9.084215e-04,   2.564755e+00,   7.967666e+00
  5.510160e+02,   4.918000e+00,   6.997928e+01,   3.791102e+00,   1.048653e-03,   2.617095e+00,   8.054363e+00
  6.376271e+02,   4.940000e+00,   7.267825e+01,   3.956081e+00,   1.217940e-03,   2.679394e+00,   8.170497e+00
  7.286189e+02,   4.962000e+00,   7.544748e+01,   4.126703e+00,   1.370650e-03,   2.742335e+00,   8.287128e+00
  8.242255e+02,   4.984000e+00,   7.828707e+01,   4.303039e+00,   1.509901e-03,   2.805900e+00,   8.404211e+00
  9.247081e+02,   5.006000e+00,   8.119714e+01,   4.485158e+00,   1.637932e-03,   2.870073e+00,   8.521700e+00
  1.030357e+03,   5.028000e+00,   8.417782e+01,   4.673132e+00,   1.756425e-03,   2.934838e+00,   8.639558e+00
  1.141488e+03,   5.050000e+00,   8.722927e+01,   4.867030e+00,   1.866724e-03,   3.000179e+00,   8.757748e+00
  1.258455e+03,   5.072000e+00,   9.035164e+01,   5.066921e+00,   1.969854e-03,   3.066083e+00,   8.876239e+00
  1.381649e+03,   5.094000e+00,   9.354509e+01,   5.272877e+00,   2.066659e-03,   3.132536e+00,   8.995004e+00
  1.511509e+03,   5.116000e+00,   9.680983e+01,   5.484966e+00,   2.157813e-03,   3.199525e+00,   9.114015e+00
  1.648521e+03,   5.138000e+00,   1.001461e+02,   5.703259e+00,   2.243879e-03,   3.267040e+00,   9.233253e+00
  1.793225e+03,   5.160000e+00,   1.035540e+02,   5.927825e+00,   2.325330e-03,   3.335070e+00,   9.352696e+00
  1.946234e+03,   5.182000e+00,   1.070339e+02,   6.158737e+00,   2.402557e-03,   3.403604e+00,   9.472329e+00
  2.108225e+03,   5.204000e+00,   1.105860e+02,   6.396066e+00,   2.475899e-03,   3.472633e+00,   9.592136e+00
  2.279971e+03,   5.226000e+00,   1.142106e+02,   6.639884e+00,   2.545636e-03,   3.542150e+00,   9.712106e+00
  2.462346e+03,   5.248000e+00,   1.179081e+02,   6.890264e+00,   2.612007e-03,   3.612145e+00,   9.832228e+00
  2.656287e+03,   5.270000e+00,   1.216788e+02,   7.147282e+00,   2.675252e-03,   3.682612e+00,   9.952494e+00
  2.862896e+03,   5.292000e+00,   1.255230e+02,   7.411009e+00,   2.735534e-03,   3.753544e+00,   1.007290e+01
  3.083336e+03,   5.314000e+00,   1.294409e+02,   7.681514e+00,   2.793011e-03,   3.824932e+00,   1.019342e+01
  3.318700e+03,   5.336000e+00,   1.334324e+02,   7.958840e+00,   2.847833e-03,   3.896763e+00,   1.031405e+01
  3.569759e+03,   5.358000e+00,   1.374963e+02,   8.242973e+00,   2.900101e-03,   3.969009e+00,   1.043472e+01
  3.836110e+03,   5.380000e+00,   1.416290e+02,   8.533757e+00,   2.949900e-03,   4.041609e+00,   1.055527e+01
  4.114764e+03,   5.402000e+00,   1.458223e+02,   8.830758e+00,   2.997265e-03,   4.114439e+00,   1.067541e+01
  4.398412e+03,   5.424000e+00,   1.500613e+02,   9.133139e+00,   3.042222e-03,   4.187288e+00,   1.079460e+01
  4.675587e+03,   5.446000e+00,   1.543261e+02,   9.439756e+00,   3.084822e-03,   4.259885e+00,   1.091220e+01
  4.934695e+03,   5.468000e+00,   1.586001e+02,   9.749615e+00,   3.125245e-03,   4.332013e+00,   1.102768e+01
  5.168990e+03,   5.490000e+00,   1.628768e+02,   1.006231e+01,   3.163815e-03,   4.403605e+00,   1.114092e+01
  5.377636e+03,   5.512000e+00,   1.671596e+02,   1.037802e+01,   3.200925e-03,   4.474725e+00,   1.125214e+01
  5.563291e+03,   5.534000e+00,   1.714568e+02,   1.069721e+01,   3.236942e-03,   4.545498e+00,   1.136169e+01
  5.729746e+03,   5.556000e+00,   1.757768e+02,   1.102039e+01,   3.272167e-03,   4.616048e+00,   1.146993e+01
  5.880643e+03,   5.578000e+00,   1.801272e+02,   1.134800e+01,   3.306835e-03,   4.686483e+00,   1.157715e+01
  6.019022e+03,   5.600000e+00,   1.845138e+02,   1.168040e+01,   3.341119e-03,   4.756883e+00,   1.168357e+01
  6.147213e+03,   5.622000e+00,   1.889411e+02,   1.201788e+01,   3.375143e-03,   4.827307e+00,   1.178937e+01
  6.267130e+03,   5.644000e+00,   1.934123e+02,   1.236065e+01,   3.409006e-03,   4.897800e+00,   1.189466e+01
  6.380398e+03,   5.666000e+00,   1.979305e+02,   1.270892e+01,   3.442793e-03,   4.968399e+00,   1.199955e+01
  6.488060e+03,   5.688000e+00,   2.024975e+02,   1.306282e+01,   3.476550e-03,   5.039125e+00,   1.210412e+01
  6.591187e+03,   5.710000e+00,   2.071151e+02,   1.342248e+01,   3.510333e-03,   5.110002e+00,   1.220841e+01
  6.690571e+03,   5.732000e+00,   2.117849e+02,   1.378802e+01,   3.544178e-03,   5.181043e+00,   1.231250e+01
  6.786823e+03,   5.754000e+00,   2.165080e+02,   1.415954e+01,   3.578111e-03,   5.252262e+00,   1.241640e+01
  6.880543e+03,   5.776000e+00,   2.212854e+02,   1.453714e+01,   3.612159e-03,   5.323668e+00,   1.252016e+01
  6.972261e+03,   5.798000e+00,   2.261182e+02,   1.492089e+01,   3.646350e-03,   5.395271e+00,   1.262380e+01
  7.062296e+03,   5.820000e+00,   2.310073e+02,   1.531088e+01,   3.680686e-03,   5.467077e+00,   1.272736e+01
  7.151150e+03,   5.842000e+00,   2.359534e+02,   1.570719e+01,   3.715199e-03,   5.539094e+00,   1.283084e+01
  7.239058e+03,   5.864000e+00,   2.409576e+02,   1.610991e+01,   3.749882e-03,   5.611328e+00,   1.293429e+01
  7.326439e+03,   5.886000e+00,   2.460206e+02,   1.651911e+01,   3.784762e-03,   5.683784e+00,   1.303771e+01
  7.413556e+03,   5.908000e+00,   2.511433e+02,   1.693488e+01,   3.819837e-03,   5.756471e+00,   1.314112e+01
  7.500725e+03,   5.930000e+00,   2.563266e+02,   1.735731e+01,   3.855118e-03,   5.829393e+00,   1.324456e+01
  7.588266e+03,   5.952000e+00,   2.615716e+02,   1.778650e+01,   3.890616e-03,   5.902559e+00,   1.334804e+01
  7.676458e+03,   5.974000e+00,   2.668794e+02,   1.822255e+01,   3.926325e-03,   5.975977e+00,   1.345158e+01
  7.765660e+03,   5.996000e+00,   2.722512e+02,   1.866556e+01,   3.962263e-03,   6.049654e+00,   1.355520e+01
  7.856203e+03,   6.018000e+00,   2.776885e+02,   1.911566e+01,   3.998423e-03,   6.123605e+00,   1.365895e+01
  7.948475e+03,   6.040000e+00,   2.831926e+02,   1.957300e+01,   4.034822e-03,   6.197839e+00,   1.376285e+01
  8.042911e+03,   6.062000e+00,   2.887658e+02,   2.003773e+01,   4.071453e-03,   6.272374e+00,   1.386693e+01
  8.139995e+03,   6.084000e+00,   2.944100e+02,   2.051003e+01,   4.108328e-03,   6.347226e+00,   1.397125e+01
  8.240293e+03,   6.106000e+00,   3.001279e+02,   2.099011e+01,   4.145452e-03,   6.422418e+00,   1.407584e+01
  8.344485e+03,   6.128000e+00,   3.059226e+02,   2.147823e+01,   4.182833e-03,   6.497976e+00,   1.418077e+01
  8.453381e+03,   6.150000e+00,   3.117980e+02,   2.197470e+01,   4.220480e-03,   6.573936e+00,   1.428611e+01
  8.568003e+03,   6.172000e+00,   3.177589e+02,   2.247988e+01,   4.258405e-03,   6.650339e+00,   1.439197e+01
  8.689610e+03,   6.194000e+00,   3.238114e+02,   2.299425e+01,   4.296627e-03,   6.727240e+00,   1.449844e+01
  8.819877e+03,   6.216000e+00,   3.299635e+02,   2.351843e+01,   4.335170e-03,   6.804712e+00,   1.460569e+01
  8.961023e+03,   6.238000e+00,   3.362259e+02,   2.405321e+01,   4.374067e-03,   6.882853e+00,   1.471393e+01
  9.115939e+03,   6.260000e+00,   3.426123e+02,   2.459963e+01,   4.413372e-03,   6.961790e+00,   1.482340e+01
  9.288822e+03,   6.282000e+00,   3.491427e+02,   2.515919e+01,   4.453160e-03,   7.041707e+00,   1.493451e+01
  9.485674e+03,   6.304000e+00,   3.558455e+02,   2.573400e+01,   4.493544e-03,   7.122868e+00,   1.504778e+01
  9.715541e+03,   6.326000e+00,   3.627630e+02,   2.632719e+01,   4.534698e-03,   7.205667e+00,   1.516402e+01
  9.991991e+03,   6.348000e+00,   3.699578e+02,   2.694341e+01,   4.576884e-03,   7.290685e+00,   1.528444e+01
  1.033565e+04,   6.370000e+00,   3.775234e+02,   2.758960e+01,   4.620470e-03,   7.378785e+00,   1.541077e+01
  1.077021e+04,   6.392000e+00,   3.855629e+02,   2.827349e+01,   4.665779e-03,   7.470894e+00,   1.554491e+01
  1.131143e+04,   6.414000e+00,   3.941355e+02,   2.899972e+01,   4.712650e-03,   7.567477e+00,   1.568772e+01
  1.193749e+04,   6.436000e+00,   4.031238e+02,   2.976012e+01,   4.759809e-03,   7.667301e+00,   1.583657e+01
  1.259691e+04,   6.458000e+00,   4.122849e+02,   3.053721e+01,   4.805583e-03,   7.767992e+00,   1.598652e+01
  1.325231e+04,   6.480000e+00,   4.214528e+02,   3.131889e+01,   4.849107e-03,   7.867977e+00,   1.613433e+01
  1.389088e+04,   6.502000e+00,   4.305775e+02,   3.210144e+01,   4.890386e-03,   7.966816e+00,   1.627914e+01
  1.451171e+04,   6.524000e+00,   4.396614e+02,   3.288496e+01,   4.929670e-03,   8.064565e+00,   1.642111e+01
  1.511790e+04,   6.546000e+00,   4.487231e+02,   3.367076e+01,   4.967268e-03,   8.161423e+00,   1.656065e+01
  1.571297e+04,   6.568000e+00,   4.577819e+02,   3.446023e+01,   5.003439e-03,   8.257588e+00,   1.669823e+01
  1.630008e+04,   6.590000e+00,   4.668542e+02,   3.525453e+01,   5.038387e-03,   8.353225e+00,   1.683418e+01
  1.688173e+04,   6.612000e+00,   4.759528e+02,   3.605463e+01,   5.072265e-03,   8.448465e+00,   1.696879e+01
  1.746013e+04,   6.634000e+00,   4.850889e+02,   3.686132e+01,   5.105211e-03,   8.543416e+00,   1.710230e+01
  1.803697e+04,   6.656000e+00,   4.942713e+02,   3.767527e+01,   5.137327e-03,   8.638162e+00,   1.723489e+01
  1.861366e+04,   6.678000e+00,   5.035069e+02,   3.849700e+01,   5.168698e-03,   8.732772e+00,   1.736672e+01
  1.919134e+04,   6.700000e+00,   5.128015e+02,   3.932695e+01,   5.199389e-03,   8.827299e+00,   1.749790e+01
  1.977097e+04,   6.722000e+00,   5.221600e+02,   4.016550e+01,   5.229458e-03,   8.921789e+00,   1.762853e+01
  2.034809e+04,   6.744000e+00,   5.315555e+02,   4.101060e+01,   5.257838e-03,   9.016015e+00,   1.775818e+01
  2.092924e+04,   6.766000e+00,   5.410255e+02,   4.186513e+01,   5.285748e-03,   9.110301e+00,   1.788749e+01
  2.151907e+04,   6.788000e+00,   5.505972e+02,   4.273118e+01,   5.314124e-03,   9.204873e+00,   1.801692e+01
  2.211765e+04,   6.810000e+00,   5.602714e+02,   4.360886e+01,   5.342972e-03,   9.299734e+00,   1.814647e+01
  2.272311e+04,   6.832000e+00,   5.700364e+02,   4.449731e+01,   5.371783e-03,   9.394783e+00,   1.827596e+01
  2.332391e+04,   6.854000e+00,   5.798202e+02,   4.539095e+01,   5.397539e-03,   9.489428e+00,   1.840423e+01
  2.393342e+04,   6.876000e+00,   5.897063e+02,   4.629627e+01,   5.423714e-03,   9.584356e+00,   1.853263e+01
  2.455173e+04,   6.898000e+00,   5.996954e+02,   4.721335e+01,   5.450314e-03,   9.679569e+00,   1.866117e+01
  2.517892e+04,   6.920000e+00,   6.097882e+02,   4.814230e+01,   5.477341e-03,   9.775068e+00,   1.878985e+01
  2.581261e+04,   6.942000e+00,   6.199675e+02,   4.908179e+01,   5.503820e-03,   9.870711e+00,   1.891841e+01
  2.644847e+04,   6.964000e+00,   6.302016e+02,   5.002935e+01,   5.528012e-03,   9.966246e+00,   1.904636e+01
  2.709328e+04,   6.986000e+00,   6.405401e+02,   5.098890e+01,   5.552588e-03,   1.006206e+01,   1.917446e+01
  2.774712e+04,   7.008000e+00,   6.509837e+02,   5.196053e+01,   5.577551e-03,   1.015817e+01,   1.930273e+01
  2.841008e+04,   7.030000e+00,   6.615331e+02,   5.294433e+01,   5.602905e-03,   1.025456e+01,   1.943115e+01
  2.908195e+04,   7.052000e+00,   6.721861e+02,   5.394016e+01,   5.628432e-03,   1.035122e+01,   1.955969e+01
  2.975864e+04,   7.074000e+00,   6.829015e+02,   5.494476e+01,   5.651159e-03,   1.044782e+01,   1.968776e+01
  3.044461e+04,   7.096000e+00,   6.937239e+02,   5.596172e+01,   5.674238e-03,   1.054471e+01,   1.981600e+01
  3.113994e+04,   7.118000e+00,   7.046542e+02,   5.699113e+01,   5.697673e-03,   1.064188e+01,   1.994442e+01
  3.184473e+04,   7.140000e+00,   7.156930e+02,   5.803310e+01,   5.721467e-03,   1.073935e+01,   2.007302e+01
  3.255905e+04,   7.162000e+00,   7.268413e+02,   5.908771e+01,   5.745622e-03,   1.083710e+01,   2.020180e+01
  3.328235e+04,   7.184000e+00,   7.380813e+02,   6.015359e+01,   5.768381e-03,   1.093501e+01,   2.033052e+01
  3.401482e+04,   7.206000e+00,   7.494170e+02,   6.123105e+01,   5.790050e-03,   1.103311e+01,   2.045923e+01
  3.475704e+04,   7.228000e+00,   7.608637e+02,   6.232140e+01,   5.812047e-03,   1.113149e+01,   2.058814e+01
  3.550913e+04,   7.250000e+00,   7.724223e+02,   6.342472e+01,   5.834374e-03,   1.123017e+01,   2.071724e+01
  3.627117e+04,   7.272000e+00,   7.840937e+02,   6.454112e+01,   5.857035e-03,   1.132915e+01,   2.084655e+01
  3.704325e+04,   7.294000e+00,   7.958785e+02,   6.567071e+01,   5.880032e-03,   1.142842e+01,   2.097607e+01
  3.782691e+04,   7.316000e+00,   8.077612e+02,   6.681223e+01,   5.901096e-03,   1.152787e+01,   2.110558e+01
  3.862125e+04,   7.338000e+00,   8.197534e+02,   6.796666e+01,   5.921734e-03,   1.162758e+01,   2.123524e+01
  3.942594e+04,   7.360000e+00,   8.318612e+02,   6.913455e+01,   5.942678e-03,   1.172760e+01,   2.136512e+01
  4.024105e+04,   7.382000e+00,   8.440855e+02,   7.031600e+01,   5.963930e-03,   1.182791e+01,   2.149523e+01
  4.106670e+04,   7.404000e+00,   8.564273e+02,   7.151112e+01,   5.985492e-03,   1.192852e+01,   2.162556e+01
  4.190298e+04,   7.426000e+00,   8.688874e+02,   7.272003e+01,   6.007369e-03,   1.202944e+01,   2.175612e+01
  4.275330e+04,   7.448000e+00,   8.814580e+02,   7.394211e+01,   6.027586e-03,   1.213061e+01,   2.188681e+01
  4.361593e+04,   7.470000e+00,   8.941447e+02,   7.517785e+01,   6.047222e-03,   1.223205e+01,   2.201770e+01
  4.448955e+04,   7.492000e+00,   9.069522e+02,   7.642770e+01,   6.067143e-03,   1.233381e+01,   2.214882e+01
  4.537425e+04,   7.514000e+00,   9.198815e+02,   7.769175e+01,   6.087352e-03,   1.243587e+01,   2.228020e+01
  4.627015e+04,   7.536000e+00,   9.329336e+02,   7.897014e+01,   6.107851e-03,   1.253825e+01,   2.241182e+01
  4.717736e+04,   7.558000e+00,   9.461094e+02,   8.026297e+01,   6.128643e-03,   1.264094e+01,   2.254371e+01
  4.809891e+04,   7.580000e+00,   9.594082e+02,   8.157024e+01,   6.148691e-03,   1.274394e+01,   2.267583e+01
  4.903671e+04,   7.602000e+00,   9.728301e+02,   8.289197e+01,   6.167355e-03,   1.284723e+01,   2.280819e+01
  4.998622e+04,   7.624000e+00,   9.863787e+02,   8.422850e+01,   6.186286e-03,   1.295085e+01,   2.294081e+01
  5.094757e+04,   7.646000e+00,   1.000055e+03,   8.557997e+01,   6.205486e-03,   1.305478e+01,   2.307371e+01
  5.192085e+04,   7.668000e+00,   1.013860e+03,   8.694649e+01,   6.224958e-03,   1.315904e+01,   2.320689e+01
  5.290619e+04,   7.690000e+00,   1.027795e+03,   8.832819e+01,   6.244705e-03,   1.326363e+01,   2.334034e+01
  5.390371e+04,   7.712000e+00,   1.041860e+03,   8.972521e+01,   6.264729e-03,   1.336854e+01,   2.347408e+01
  5.492258e+04,   7.734000e+00,   1.056061e+03,   9.113794e+01,   6.282850e-03,   1.347380e+01,   2.360815e+01
  5.595562e+04,   7.756000e+00,   1.070395e+03,   9.256631e+01,   6.300826e-03,   1.357940e+01,   2.374252e+01
  5.700132e+04,   7.778000e+00,   1.084864e+03,   9.401039e+01,   6.319054e-03,   1.368533e+01,   2.387718e+01
  5.805980e+04,   7.800000e+00,   1.099468e+03,   9.547033e+01,   6.337538e-03,   1.379160e+01,   2.401215e+01
  5.913119e+04,   7.822000e+00,   1.114208e+03,   9.694626e+01,   6.356279e-03,   1.389820e+01,   2.414743e+01
  6.021562e+04,   7.844000e+00,   1.129086e+03,   9.843832e+01,   6.375279e-03,   1.400515e+01,   2.428302e+01
  6.131450e+04,   7.866000e+00,   1.144104e+03,   9.994675e+01,   6.394320e-03,   1.411244e+01,   2.441893e+01
  6.243953e+04,   7.888000e+00,   1.159273e+03,   1.014726e+02,   6.411378e-03,   1.422015e+01,   2.455528e+01
  6.357816e+04,   7.910000e+00,   1.174584e+03,   1.030149e+02,   6.428673e-03,   1.432820e+01,   2.469195e+01
  6.473052e+04,   7.932000e+00,   1.190037e+03,   1.045741e+02,   6.446208e-03,   1.443661e+01,   2.482896e+01
  6.589675e+04,   7.954000e+00,   1.205635e+03,   1.061501e+02,   6.463985e-03,   1.454536e+01,   2.496630e+01
  6.707698e+04,   7.976000e+00,   1.221377e+03,   1.077431e+02,   6.482006e-03,   1.465448e+01,   2.510398e+01
  6.827137e+04,   7.998000e+00,   1.237267e+03,   1.093534e+02,   6.500274e-03,   1.476395e+01,   2.524200e+01
  6.948250e+04,   8.020000e+00,   1.253307e+03,   1.109812e+02,   6.518470e-03,   1.487380e+01,   2.538040e+01
  7.072367e+04,   8.042000e+00,   1.269514e+03,   1.126282e+02,   6.534873e-03,   1.498412e+01,   2.551933e+01
  7.197965e+04,   8.064000e+00,   1.285872e+03,   1.142928e+02,   6.551500e-03,   1.509480e+01,   2.565862e+01
  7.325057e+04,   8.086000e+00,   1.302383e+03,   1.159754e+02,   6.568356e-03,   1.520586e+01,   2.579828e+01
  7.453660e+04,   8.108000e+00,   1.319048e+03,   1.176759e+02,   6.585442e-03,   1.531729e+01,   2.593830e+01
  7.583789e+04,   8.130000e+00,   1.335867e+03,   1.193947e+02,   6.602761e-03,   1.542909e+01,   2.607870e+01
  7.715459e+04,   8.152000e+00,   1.352844e+03,   1.211319e+02,   6.620314e-03,   1.554128e+01,   2.621947e+01
  7.848687e+04,   8.174000e+00,   1.369978e+03,   1.228876e+02,   6.638104e-03,   1.565384e+01,   2.636062e+01
  7.985745e+04,   8.196000e+00,   1.387303e+03,   1.246648e+02,   6.653870e-03,   1.576696e+01,   2.650246e+01
  8.124422e+04,   8.218000e+00,   1.404790e+03,   1.264610e+02,   6.669850e-03,   1.588047e+01,   2.664470e+01
  8.264733e+04,   8.240000e+00,   1.422440e+03,   1.282763e+02,   6.686046e-03,   1.599438e+01,   2.678733e+01
  8.406695e+04,   8.262000e+00,   1.440255e+03,   1.301110e+02,   6.702462e-03,   1.610868e+01,   2.693037e+01
  8.550327e+04,   8.284000e+00,   1.458236e+03,   1.319651e+02,   6.719100e-03,   1.622337e+01,   2.707381e+01
  8.695644e+04,   8.306000e+00,   1.476384e+03,   1.338390e+02,   6.735962e-03,   1.633847e+01,   2.721767e+01
  8.842666e+04,   8.328000e+00,   1.494703e+03,   1.357328e+02,   6.753050e-03,   1.645397e+01,   2.736195e+01
  8.993355e+04,   8.350000e+00,   1.513223e+03,   1.376494e+02,   6.768852e-03,   1.657004e+01,   2.750693e+01
  9.146658e+04,   8.372000e+00,   1.531929e+03,   1.395875e+02,   6.784205e-03,   1.668660e+01,   2.765245e+01
  9.301756e+04,   8.394000e+00,   1.550811e+03,   1.415462e+02,   6.799767e-03,   1.680357e+01,   2.779841e+01
  9.458667e+04,   8.416000e+00,   1.569870e+03,   1.435257e+02,   6.815538e-03,   1.692096e+01,   2.794482e+01
  9.617410e+04,   8.438000e+00,   1.589107e+03,   1.455262e+02,   6.831521e-03,   1.703878e+01,   2.809167e+01
  9.778006e+04,   8.460000e+00,   1.608526e+03,   1.475479e+02,   6.847718e-03,   1.715702e+01,   2.823898e+01
  9.940474e+04,   8.482000e+00,   1.628127e+03,   1.495910e+02,   6.864133e-03,   1.727569e+01,   2.838675e+01
  1.010568e+05,   8.504000e+00,   1.647927e+03,   1.516570e+02,   6.880247e-03,   1.739487e+01,   2.853510e+01
  1.027540e+05,   8.526000e+00,   1.667956e+03,   1.537489e+02,   6.895001e-03,   1.751472e+01,   2.868430e+01
  1.044710e+05,   8.548000e+00,   1.688175e+03,   1.558630e+02,   6.909955e-03,   1.763501e+01,   2.883398e+01
  1.062080e+05,   8.570000e+00,   1.708585e+03,   1.579995e+02,   6.925109e-03,   1.775575e+01,   2.898414e+01
  1.079652e+05,   8.592000e+00,   1.729189e+03,   1.601587e+02,   6.940467e-03,   1.787694e+01,   2.913480e+01
  1.097428e+05,   8.614000e+00,   1.749988e+03,   1.623408e+02,   6.956031e-03,   1.799859e+01,   2.928595e+01
  1.115411e+05,   8.636000e+00,   1.770984e+03,   1.645460e+02,   6.971803e-03,   1.812069e+01,   2.943760e+01
  1.133603e+05,   8.658000e+00,   1.792179e+03,   1.667746e+02,   6.987786e-03,   1.824326e+01,   2.958977e+01
  1.152288e+05,   8.680000e+00,   1.813626e+03,   1.690314e+02,   7.002622e-03,   1.836656e+01,   2.974286e+01
  1.171329e+05,   8.702000e+00,   1.835303e+03,   1.713146e+02,   7.016998e-03,   1.849045e+01,   2.989667e+01
  1.190591e+05,   8.724000e+00,   1.857187e+03,   1.736221e+02,   7.031568e-03,   1.861482e+01,   3.005102e+01
  1.210077e+05,   8.746000e+00,   1.879280e+03,   1.759541e+02,   7.046334e-03,   1.873968e+01,   3.020591e+01
  1.229789e+05,   8.768000e+00,   1.901585e+03,   1.783109e+02,   7.061298e-03,   1.886503e+01,   3.036134e+01
  1.249731e+05,   8.790000e+00,   1.924105e+03,   1.806928e+02,   7.076463e-03,   1.899087e+01,   3.051732e+01
  1.269904e+05,   8.812000e+00,   1.946841e+03,   1.831001e+02,   7.091830e-03,   1.911721e+01,   3.067386e+01
  1.290313e+05,   8.834000e+00,   1.969795e+03,   1.855330e+02,   7.107402e-03,   1.924405e+01,   3.083097e+01
  1.311467e+05,   8.856000e+00,   1.993068e+03,   1.880009e+02,   7.121242e-03,   1.937187e+01,   3.098939e+01
  1.332870e+05,   8.878000e+00,   2.016566e+03,   1.904952e+02,   7.135261e-03,   1.950021e+01,   3.114840e+01
  1.354523e+05,   8.900000e+00,   2.040292e+03,   1.930163e+02,   7.149470e-03,   1.962906e+01,   3.130800e+01
  1.376428e+05,   8.922000e+00,   2.064250e+03,   1.955644e+02,   7.163871e-03,   1.975845e+01,   3.146820e+01
  1.398589e+05,   8.944000e+00,   2.088441e+03,   1.981398e+02,   7.178465e-03,   1.988837e+01,   3.162901e+01
  1.421009e+05,   8.966000e+00,   2.112868e+03,   2.007428e+02,   7.193255e-03,   2.001882e+01,   3.179043e+01
  1.443690e+05,   8.988000e+00,   2.137533e+03,   2.033738e+02,   7.208244e-03,   2.014982e+01,   3.195246e+01
  1.466782e+05,   9.010000e+00,   2.162469e+03,   2.060358e+02,   7.222989e-03,   2.028150e+01,   3.211534e+01
  1.490618e+05,   9.032000e+00,   2.187744e+03,   2.087354e+02,   7.236494e-03,   2.041417e+01,   3.227955e+01
  1.514734e+05,   9.054000e+00,   2.213269e+03,   2.114642e+02,   7.250184e-03,   2.054741e+01,   3.244440e+01
  1.539133e+05,   9.076000e+00,   2.239047e+03,   2.142225e+02,   7.264059e-03,   2.068121e+01,   3.260992e+01
  1.563818e+05,   9.098000e+00,   2.265080e+03,   2.170108e+02,   7.278122e-03,   2.081560e+01,   3.277610e+01
  1.588793e+05,   9.120000e+00,   2.291373e+03,   2.198293e+02,   7.292376e-03,   2.095056e+01,   3.294295e+01
  1.614062e+05,   9.142000e+00,   2.317927e+03,   2.226784e+02,   7.306823e-03,   2.108612e+01,   3.311049e+01
  1.639628e+05,   9.164000e+00,   2.344746e+03,   2.255584e+02,   7.321464e-03,   2.122226e+01,   3.327871e+01
  1.665810e+05,   9.186000e+00,   2.371898e+03,   2.284761e+02,   7.335538e-03,   2.135930e+01,   3.344810e+01
  1.692736e+05,   9.208000e+00,   2.399413e+03,   2.314343e+02,   7.348747e-03,   2.149735e+01,   3.361882e+01
  1.719982e+05,   9.230000e+00,   2.427206e+03,   2.344250e+02,   7.362138e-03,   2.163602e+01,   3.379027e+01
  1.747550e+05,   9.252000e+00,   2.455281e+03,   2.374486e+02,   7.375712e-03,   2.177532e+01,   3.396246e+01
  1.775446e+05,   9.274000e+00,   2.483641e+03,   2.405054e+02,   7.389472e-03,   2.191525e+01,   3.413538e+01
  1.803673e+05,   9.296000e+00,   2.512290e+03,   2.435959e+02,   7.403419e-03,   2.205583e+01,   3.430906e+01
  1.832236e+05,   9.318000e+00,   2.541230e+03,   2.467206e+02,   7.417558e-03,   2.219704e+01,   3.448350e+01
  1.861138e+05,   9.340000e+00,   2.570467e+03,   2.498797e+02,   7.431889e-03,   2.233891e+01,   3.465871e+01
  1.890905e+05,   9.362000e+00,   2.600115e+03,   2.530847e+02,   7.445403e-03,   2.248193e+01,   3.483545e+01
  1.921414e+05,   9.384000e+00,   2.630152e+03,   2.563335e+02,   7.458351e-03,   2.262597e+01,   3.501354e+01
  1.952290e+05,   9.406000e+00,   2.660501e+03,   2.596186e+02,   7.471479e-03,   2.277070e+01,   3.519245e+01
  1.983537e+05,   9.428000e+00,   2.691166e+03,   2.629406e+02,   7.484789e-03,   2.291612e+01,   3.537217e+01
  2.015161e+05,   9.450000e+00,   2.722151e+03,   2.662998e+02,   7.498283e-03,   2.306225e+01,   3.555273e+01
  2.047166e+05,   9.472000e+00,   2.753459e+03,   2.696968e+02,   7.511964e-03,   2.320908e+01,   3.573413e+01
  2.079557e+05,   9.494000e+00,   2.785096e+03,   2.731321e+02,   7.525835e-03,   2.335662e+01,   3.591638e+01
  2.112341e+05,   9.516000e+00,   2.817066e+03,   2.766061e+02,   7.539898e-03,   2.350489e+01,   3.609950e+01
  2.146309e+05,   9.538000e+00,   2.849548e+03,   2.801366e+02,   7.552917e-03,   2.365462e+01,   3.628461e+01
  2.180994e+05,   9.560000e+00,   2.882445e+03,   2.837142e+02,   7.565644e-03,   2.380538e+01,   3.647106e+01
  2.216104e+05,   9.582000e+00,   2.915693e+03,   2.873327e+02,   7.578550e-03,   2.395690e+01,   3.665841e+01
  2.251644e+05,   9.604000e+00,   2.949299e+03,   2.909927e+02,   7.591637e-03,   2.410919e+01,   3.684670e+01
  2.287621e+05,   9.626000e+00,   2.983265e+03,   2.946947e+02,   7.604910e-03,   2.426226e+01,   3.703591e+01
  2.324040e+05,   9.648000e+00,   3.017599e+03,   2.984394e+02,   7.618370e-03,   2.441611e+01,   3.722608e+01
  2.360908e+05,   9.670000e+00,   3.052303e+03,   3.022274e+02,   7.632019e-03,   2.457076e+01,   3.741721e+01
  2.398232e+05,   9.692000e+00,   3.087384e+03,   3.060591e+02,   7.645860e-03,   2.472622e+01,   3.760931e+01
  2.437185e+05,   9.714000e+00,   3.123120e+03,   3.099623e+02,   7.658409e-03,   2.488357e+01,   3.780404e+01
  2.476765e+05,   9.736000e+00,   3.159282e+03,   3.139145e+02,   7.670959e-03,   2.504190e+01,   3.799999e+01
  2.516842e+05,   9.758000e+00,   3.195844e+03,   3.179132e+02,   7.683689e-03,   2.520107e+01,   3.819697e+01
  2.557421e+05,   9.780000e+00,   3.232812e+03,   3.219591e+02,   7.696602e-03,   2.536111e+01,   3.839499e+01
  2.598511e+05,   9.802000e+00,   3.270193e+03,   3.260529e+02,   7.709702e-03,   2.552202e+01,   3.859408e+01
  2.640119e+05,   9.824000e+00,   3.307991e+03,   3.301952e+02,   7.722990e-03,   2.568381e+01,   3.879424e+01
  2.682253e+05,   9.846000e+00,   3.346213e+03,   3.343867e+02,   7.736470e-03,   2.584649e+01,   3.899549e+01
  2.725092e+05,   9.868000e+00,   3.384906e+03,   3.386323e+02,   7.749964e-03,   2.601023e+01,   3.919807e+01
  2.769870e+05,   9.890000e+00,   3.424375e+03,   3.429625e+02,   7.762208e-03,   2.617618e+01,   3.940372e+01
  2.815223e+05,   9.912000e+00,   3.464296e+03,   3.473452e+02,   7.774631e-03,   2.634308e+01,   3.961053e+01
  2.861161e+05,   9.934000e+00,   3.504676e+03,   3.517811e+02,   7.787238e-03,   2.651094e+01,   3.981852e+01
  2.907692e+05,   9.956000e+00,   3.545523e+03,   3.562712e+02,   7.800031e-03,   2.667977e+01,   4.002769e+01
  2.954826e+05,   9.978000e+00,   3.586843e+03,   3.608161e+02,   7.813013e-03,   2.684958e+01,   4.023807e+01
  3.002572e+05,   1.000000e+01,   3.628643e+03,   3.654168e+02,   7.826186e-03,   2.702038e+01,   4.044968e+01
  3.481203e+05,   1.020000e+01,   4.035830e+03,   4.103374e+02,   7.942880e-03,   2.863464e+01,   4.245251e+01
  4.050753e+05,   1.040000e+01,   4.498433e+03,   4.615705e+02,   8.056974e-03,   3.037118e+01,   4.461304e+01
  4.730752e+05,   1.060000e+01,   5.027892e+03,   5.204144e+02,   8.171144e-03,   3.225053e+01,   4.695818e+01
  5.549573e+05,   1.080000e+01,   5.639945e+03,   5.886472e+02,   8.286454e-03,   3.430105e+01,   4.952558e+01
  6.547856e+05,   1.100000e+01,   6.356534e+03,   6.687425e+02,   8.403353e-03,   3.656163e+01,   5.236691e+01
  7.789104e+05,   1.120000e+01,   7.210464e+03,   7.643840e+02,   8.520778e-03,   3.909010e+01,   5.555953e+01
  9.342261e+05,   1.140000e+01,   8.241851e+03,   8.801245e+02,   8.643212e-03,   4.194659e+01,   5.918207e+01
  1.134252e+06,   1.160000e+01,   9.520921e+03,   1.023856e+03,   8.768755e-03,   4.524355e+01,   6.338468e+01
  1.396047e+06,   1.180000e+01,   1.114355e+04,   1.206428e+03,   8.902359e-03,   4.911337e+01,   6.834171e+01
