  Hugoniot 
  Temperature,    Density,        Pressure,       Int. Energy,    Sp. Entropy,    Part. Vel.,     Shock Vel. 
  K,              g/cm3,          GPa,            MJ/kg,          MJ/K/kg,        km/s,           km/s
  2.980000e+02,   3.227000e+00,   2.005251e-04,   1.276210e-01,   6.594255e-04,   0.000000e+00,   6.422709e+00
  2.983267e+02,   3.230000e+00,   1.242956e-01,   1.276389e-01,   6.594246e-04,   5.976365e-03,   6.434553e+00
  2.988716e+02,   3.235000e+00,   3.326436e-01,   1.277485e-01,   6.594266e-04,   1.596126e-02,   6.454332e+00
  2.994129e+02,   3.240000e+00,   5.428242e-01,   1.279586e-01,   6.594096e-04,   2.597461e-02,   6.473672e+00
  2.999538e+02,   3.245000e+00,   7.533153e-01,   1.282686e-01,   6.593930e-04,   3.597990e-02,   6.486377e+00
  3.004949e+02,   3.250000e+00,   9.635441e-01,   1.286777e-01,   6.593805e-04,   4.596353e-02,   6.494846e+00
  3.010364e+02,   3.255000e+00,   1.173517e+00,   1.291853e-01,   6.593724e-04,   5.592573e-02,   6.501366e+00
  3.015782e+02,   3.260000e+00,   1.383241e+00,   1.297908e-01,   6.593689e-04,   6.586673e-02,   6.506835e+00
  3.021206e+02,   3.265000e+00,   1.592722e+00,   1.304935e-01,   6.593704e-04,   7.578675e-02,   6.511678e+00
  3.026637e+02,   3.270000e+00,   1.801966e+00,   1.312928e-01,   6.593772e-04,   8.568602e-02,   6.516123e+00
  3.032075e+02,   3.275000e+00,   2.010980e+00,   1.321882e-01,   6.593896e-04,   9.556474e-02,   6.520302e+00
  3.037522e+02,   3.280000e+00,   2.219770e+00,   1.331790e-01,   6.594079e-04,   1.054231e-01,   6.524299e+00
  3.042979e+02,   3.285000e+00,   2.428343e+00,   1.342647e-01,   6.594325e-04,   1.152614e-01,   6.528167e+00
  3.048448e+02,   3.290000e+00,   2.636704e+00,   1.354446e-01,   6.594636e-04,   1.250798e-01,   6.531943e+00
  3.053929e+02,   3.295000e+00,   2.844861e+00,   1.367183e-01,   6.595017e-04,   1.348784e-01,   6.535653e+00
  3.059424e+02,   3.300000e+00,   3.052819e+00,   1.380852e-01,   6.595471e-04,   1.446576e-01,   6.539316e+00
  3.064935e+02,   3.305000e+00,   3.260584e+00,   1.395448e-01,   6.596000e-04,   1.544175e-01,   6.542946e+00
  3.070462e+02,   3.310000e+00,   3.468164e+00,   1.410965e-01,   6.596610e-04,   1.641583e-01,   6.546553e+00
  3.076008e+02,   3.315000e+00,   3.675564e+00,   1.427398e-01,   6.597303e-04,   1.738802e-01,   6.550147e+00
  3.081573e+02,   3.320000e+00,   3.882790e+00,   1.444742e-01,   6.598083e-04,   1.835835e-01,   6.553734e+00
  3.087159e+02,   3.325000e+00,   4.089848e+00,   1.462991e-01,   6.598954e-04,   1.932683e-01,   6.557318e+00
  3.092703e+02,   3.330000e+00,   4.296745e+00,   1.482142e-01,   6.599569e-04,   2.029349e-01,   6.560904e+00
  3.098238e+02,   3.335000e+00,   4.503487e+00,   1.502188e-01,   6.600110e-04,   2.125834e-01,   6.564495e+00
  3.103798e+02,   3.340000e+00,   4.710079e+00,   1.523126e-01,   6.600751e-04,   2.222140e-01,   6.568095e+00
  3.109383e+02,   3.345000e+00,   4.916529e+00,   1.544950e-01,   6.601498e-04,   2.318269e-01,   6.571704e+00
  3.114996e+02,   3.350000e+00,   5.122842e+00,   1.567656e-01,   6.602353e-04,   2.414224e-01,   6.575327e+00
  3.120637e+02,   3.355000e+00,   5.329024e+00,   1.591240e-01,   6.603322e-04,   2.510007e-01,   6.578963e+00
  3.126310e+02,   3.360000e+00,   5.535082e+00,   1.615697e-01,   6.604407e-04,   2.605619e-01,   6.582615e+00
  3.132014e+02,   3.365000e+00,   5.741020e+00,   1.641022e-01,   6.605613e-04,   2.701062e-01,   6.586284e+00
  3.137752e+02,   3.370000e+00,   5.946847e+00,   1.667211e-01,   6.606945e-04,   2.796338e-01,   6.589971e+00
  3.143525e+02,   3.375000e+00,   6.152566e+00,   1.694261e-01,   6.608405e-04,   2.891449e-01,   6.593676e+00
  3.149336e+02,   3.380000e+00,   6.358185e+00,   1.722166e-01,   6.609999e-04,   2.986398e-01,   6.597401e+00
  3.155185e+02,   3.385000e+00,   6.563710e+00,   1.750924e-01,   6.611731e-04,   3.081185e-01,   6.601146e+00
  3.161075e+02,   3.390000e+00,   6.769146e+00,   1.780529e-01,   6.613605e-04,   3.175813e-01,   6.604912e+00
  3.167007e+02,   3.395000e+00,   6.974499e+00,   1.810978e-01,   6.615625e-04,   3.270284e-01,   6.608700e+00
  3.172983e+02,   3.400000e+00,   7.179775e+00,   1.842268e-01,   6.617796e-04,   3.364600e-01,   6.612509e+00
  3.199655e+02,   3.422000e+00,   8.082228e+00,   1.989830e-01,   6.628263e-04,   3.777791e-01,   6.629540e+00
  3.227088e+02,   3.444000e+00,   8.983807e+00,   2.153287e-01,   6.640701e-04,   4.188169e-01,   6.647029e+00
  3.255698e+02,   3.466000e+00,   9.885010e+00,   2.332361e-01,   6.656872e-04,   4.595887e-01,   6.664998e+00
  3.285657e+02,   3.488000e+00,   1.078632e+01,   2.526804e-01,   6.677196e-04,   5.001096e-01,   6.683458e+00
  3.316676e+02,   3.510000e+00,   1.168823e+01,   2.736390e-01,   6.699701e-04,   5.403944e-01,   6.702418e+00
  3.349336e+02,   3.532000e+00,   1.259121e+01,   2.960918e-01,   6.726938e-04,   5.804575e-01,   6.721888e+00
  3.383868e+02,   3.554000e+00,   1.349574e+01,   3.200207e-01,   6.759552e-04,   6.203129e-01,   6.741871e+00
  3.419966e+02,   3.576000e+00,   1.440228e+01,   3.454101e-01,   6.795437e-04,   6.599743e-01,   6.762373e+00
  3.458245e+02,   3.598000e+00,   1.531130e+01,   3.722463e-01,   6.837224e-04,   6.994554e-01,   6.783397e+00
  3.498797e+02,   3.620000e+00,   1.622325e+01,   4.005176e-01,   6.884788e-04,   7.387691e-01,   6.804947e+00
  3.541557e+02,   3.642000e+00,   1.713859e+01,   4.302143e-01,   6.937211e-04,   7.779284e-01,   6.827024e+00
  3.587151e+02,   3.664000e+00,   1.805777e+01,   4.613285e-01,   6.997084e-04,   8.169457e-01,   6.849632e+00
  3.635158e+02,   3.686000e+00,   1.898124e+01,   4.938541e-01,   7.061595e-04,   8.558334e-01,   6.872771e+00
  3.686416e+02,   3.708000e+00,   1.990944e+01,   5.277866e-01,   7.134411e-04,   8.946033e-01,   6.896443e+00
  3.740462e+02,   3.730000e+00,   2.084280e+01,   5.631232e-01,   7.212444e-04,   9.332672e-01,   6.920650e+00
  3.798040e+02,   3.752000e+00,   2.178176e+01,   5.998628e-01,   7.298834e-04,   9.718365e-01,   6.945392e+00
  3.858949e+02,   3.774000e+00,   2.272675e+01,   6.380056e-01,   7.391812e-04,   1.010322e+00,   6.970670e+00
  3.923536e+02,   3.796000e+00,   2.367819e+01,   6.775533e-01,   7.492403e-04,   1.048735e+00,   6.996485e+00
  3.992069e+02,   3.818000e+00,   2.463651e+01,   7.185093e-01,   7.601260e-04,   1.087087e+00,   7.022837e+00
  4.064471e+02,   3.840000e+00,   2.560213e+01,   7.608778e-01,   7.717137e-04,   1.125386e+00,   7.049727e+00
  4.141066e+02,   3.862000e+00,   2.657547e+01,   8.046647e-01,   7.840902e-04,   1.163644e+00,   7.077154e+00
  4.222079e+02,   3.884000e+00,   2.755694e+01,   8.498772e-01,   7.972893e-04,   1.201870e+00,   7.105119e+00
  4.307657e+02,   3.906000e+00,   2.854694e+01,   8.965233e-01,   8.113005e-04,   1.240074e+00,   7.133621e+00
  4.397957e+02,   3.928000e+00,   2.954589e+01,   9.446126e-01,   8.261155e-04,   1.278265e+00,   7.162660e+00
  4.493148e+02,   3.950000e+00,   3.055420e+01,   9.941556e-01,   8.417277e-04,   1.316452e+00,   7.192236e+00
  4.593402e+02,   3.972000e+00,   3.157225e+01,   1.045164e+00,   8.581324e-04,   1.354645e+00,   7.222348e+00
  4.698901e+02,   3.994000e+00,   3.260046e+01,   1.097650e+00,   8.753258e-04,   1.392851e+00,   7.252996e+00
  4.809833e+02,   4.016000e+00,   3.363922e+01,   1.151628e+00,   8.933059e-04,   1.431080e+00,   7.284178e+00
  4.926393e+02,   4.038000e+00,   3.468893e+01,   1.207112e+00,   9.120715e-04,   1.469339e+00,   7.315895e+00
  5.048781e+02,   4.060000e+00,   3.574998e+01,   1.264118e+00,   9.316226e-04,   1.507637e+00,   7.348145e+00
  5.177200e+02,   4.082000e+00,   3.682275e+01,   1.322662e+00,   9.519597e-04,   1.545980e+00,   7.380927e+00
  5.311667e+02,   4.104000e+00,   3.790764e+01,   1.382761e+00,   9.729584e-04,   1.584378e+00,   7.414239e+00
  5.452568e+02,   4.126000e+00,   3.900503e+01,   1.444435e+00,   9.947295e-04,   1.622837e+00,   7.448082e+00
  5.600010e+02,   4.148000e+00,   4.011530e+01,   1.507701e+00,   1.017199e-03,   1.661364e+00,   7.482453e+00
  5.754200e+02,   4.170000e+00,   4.123885e+01,   1.572579e+00,   1.040358e-03,   1.699967e+00,   7.517352e+00
  5.915313e+02,   4.192000e+00,   4.237604e+01,   1.639091e+00,   1.064168e-03,   1.738652e+00,   7.552777e+00
  6.083617e+02,   4.214000e+00,   4.352725e+01,   1.707257e+00,   1.088656e-03,   1.777426e+00,   7.588726e+00
  6.259235e+02,   4.236000e+00,   4.469288e+01,   1.777099e+00,   1.113740e-03,   1.816295e+00,   7.625197e+00
  6.442399e+02,   4.258000e+00,   4.587328e+01,   1.848640e+00,   1.139413e-03,   1.855265e+00,   7.662191e+00
  6.633347e+02,   4.280000e+00,   4.706883e+01,   1.921904e+00,   1.165671e-03,   1.894343e+00,   7.699703e+00
  6.832288e+02,   4.302000e+00,   4.827991e+01,   1.996914e+00,   1.192482e-03,   1.933534e+00,   7.737734e+00
  7.039441e+02,   4.324000e+00,   4.950689e+01,   2.073695e+00,   1.219823e-03,   1.972845e+00,   7.776281e+00
  7.255036e+02,   4.346000e+00,   5.075013e+01,   2.152272e+00,   1.247671e-03,   2.012280e+00,   7.815343e+00
  7.479282e+02,   4.368000e+00,   5.201001e+01,   2.232672e+00,   1.275984e-03,   2.051845e+00,   7.854917e+00
  7.712413e+02,   4.390000e+00,   5.328689e+01,   2.314920e+00,   1.304737e-03,   2.091546e+00,   7.895003e+00
  7.954713e+02,   4.412000e+00,   5.458114e+01,   2.399044e+00,   1.333944e-03,   2.131388e+00,   7.935597e+00
  8.206361e+02,   4.434000e+00,   5.589313e+01,   2.485071e+00,   1.363524e-03,   2.171374e+00,   7.976698e+00
  8.467668e+02,   4.456000e+00,   5.722322e+01,   2.573030e+00,   1.393510e-03,   2.211512e+00,   8.018304e+00
  8.738832e+02,   4.478000e+00,   5.857177e+01,   2.662949e+00,   1.423828e-03,   2.251804e+00,   8.060414e+00
  9.020135e+02,   4.500000e+00,   5.993915e+01,   2.754856e+00,   1.454479e-03,   2.292256e+00,   8.103024e+00
  9.311840e+02,   4.522000e+00,   6.132573e+01,   2.848783e+00,   1.485441e-03,   2.332871e+00,   8.146134e+00
  9.614208e+02,   4.544000e+00,   6.273185e+01,   2.944758e+00,   1.516688e-03,   2.373655e+00,   8.189741e+00
  9.927509e+02,   4.566000e+00,   6.415790e+01,   3.042813e+00,   1.548201e-03,   2.414611e+00,   8.233843e+00
  1.025202e+03,   4.588000e+00,   6.560422e+01,   3.142979e+00,   1.579960e-03,   2.455744e+00,   8.278438e+00
  1.058800e+03,   4.610000e+00,   6.707118e+01,   3.245287e+00,   1.611918e-03,   2.497057e+00,   8.323523e+00
  1.093575e+03,   4.632000e+00,   6.855914e+01,   3.349769e+00,   1.644093e-03,   2.538554e+00,   8.369098e+00
  1.117008e+03,   4.654000e+00,   6.976508e+01,   3.442044e+00,   1.663628e-03,   2.574647e+00,   8.396922e+00
  1.084492e+03,   4.676000e+00,   6.961463e+01,   3.470084e+00,   1.625102e-03,   2.585515e+00,   8.343595e+00
  1.051991e+03,   4.698000e+00,   6.946411e+01,   3.497641e+00,   1.585694e-03,   2.596151e+00,   8.291447e+00
  1.019491e+03,   4.720000e+00,   6.931352e+01,   3.524719e+00,   1.545366e-03,   2.606560e+00,   8.240432e+00
  9.869778e+02,   4.742000e+00,   6.916284e+01,   3.551325e+00,   1.504053e-03,   2.616748e+00,   8.190507e+00
  9.544335e+02,   4.764000e+00,   6.901205e+01,   3.577464e+00,   1.461669e-03,   2.626718e+00,   8.141629e+00
  9.218376e+02,   4.786000e+00,   6.886114e+01,   3.603142e+00,   1.418125e-03,   2.636475e+00,   8.093759e+00
  8.891705e+02,   4.808000e+00,   6.871009e+01,   3.628364e+00,   1.373349e-03,   2.646025e+00,   8.046860e+00
  8.564076e+02,   4.830000e+00,   6.855889e+01,   3.653135e+00,   1.327241e-03,   2.655370e+00,   8.000895e+00
  8.235150e+02,   4.852000e+00,   6.840752e+01,   3.677461e+00,   1.279645e-03,   2.664515e+00,   7.955831e+00
  7.904625e+02,   4.874000e+00,   6.825597e+01,   3.701345e+00,   1.230461e-03,   2.673463e+00,   7.911633e+00
  7.572115e+02,   4.896000e+00,   6.810422e+01,   3.724793e+00,   1.179544e-03,   2.682220e+00,   7.868273e+00
  8.636758e+02,   4.918000e+00,   7.083463e+01,   3.901370e+00,   1.319503e-03,   2.747263e+00,   7.989971e+00
  1.002574e+03,   4.940000e+00,   7.428118e+01,   4.118618e+00,   1.482187e-03,   2.825235e+00,   8.147495e+00
  1.144025e+03,   4.962000e+00,   7.781109e+01,   4.343192e+00,   1.628046e-03,   2.903635e+00,   8.304230e+00
  1.288721e+03,   4.984000e+00,   8.142459e+01,   4.575177e+00,   1.760685e-03,   2.982460e+00,   8.460205e+00
  1.437116e+03,   5.006000e+00,   8.512187e+01,   4.814657e+00,   1.882647e-03,   3.061704e+00,   8.615451e+00
  1.589531e+03,   5.028000e+00,   8.890316e+01,   5.061718e+00,   1.995750e-03,   3.141361e+00,   8.769996e+00
  1.746208e+03,   5.050000e+00,   9.276869e+01,   5.316442e+00,   2.101368e-03,   3.221428e+00,   8.923867e+00
  1.907336e+03,   5.072000e+00,   9.671866e+01,   5.578911e+00,   2.200570e-03,   3.301899e+00,   9.077090e+00
  2.073072e+03,   5.094000e+00,   1.007533e+02,   5.849208e+00,   2.294202e-03,   3.382769e+00,   9.229688e+00
  2.243548e+03,   5.116000e+00,   1.048728e+02,   6.127413e+00,   2.382939e-03,   3.464035e+00,   9.381685e+00
  2.418877e+03,   5.138000e+00,   1.090774e+02,   6.413603e+00,   2.467326e-03,   3.545690e+00,   9.533101e+00
  2.599155e+03,   5.160000e+00,   1.133673e+02,   6.707859e+00,   2.547862e-03,   3.627731e+00,   9.683957e+00
  2.784467e+03,   5.182000e+00,   1.177426e+02,   7.010254e+00,   2.624923e-03,   3.710151e+00,   9.834272e+00
  2.974881e+03,   5.204000e+00,   1.222034e+02,   7.320862e+00,   2.698823e-03,   3.792945e+00,   9.984060e+00
  3.170458e+03,   5.226000e+00,   1.267501e+02,   7.639755e+00,   2.769870e-03,   3.876109e+00,   1.013334e+01
  3.371245e+03,   5.248000e+00,   1.313825e+02,   7.967003e+00,   2.838288e-03,   3.959636e+00,   1.028212e+01
  3.577275e+03,   5.270000e+00,   1.361009e+02,   8.302672e+00,   2.904304e-03,   4.043520e+00,   1.043042e+01
  3.788588e+03,   5.292000e+00,   1.409053e+02,   8.646831e+00,   2.968110e-03,   4.127756e+00,   1.057825e+01
  4.005203e+03,   5.314000e+00,   1.457959e+02,   8.999544e+00,   3.029853e-03,   4.212339e+00,   1.072562e+01
  4.227143e+03,   5.336000e+00,   1.507726e+02,   9.360877e+00,   3.089704e-03,   4.297262e+00,   1.087254e+01
  4.362372e+03,   5.358000e+00,   1.559095e+02,   9.735440e+00,   3.149000e-03,   4.383559e+00,   1.102164e+01
  4.389697e+03,   5.380000e+00,   1.612096e+02,   1.012357e+01,   3.209843e-03,   4.471225e+00,   1.117287e+01
  4.416726e+03,   5.402000e+00,   1.665879e+02,   1.052011e+01,   3.271586e-03,   4.559049e+00,   1.132321e+01
  4.441244e+03,   5.424000e+00,   1.720826e+02,   1.092750e+01,   3.335039e-03,   4.647549e+00,   1.147397e+01
  4.455914e+03,   5.446000e+00,   1.776563e+02,   1.134346e+01,   3.399368e-03,   4.736205e+00,   1.162387e+01
  4.606348e+03,   5.468000e+00,   1.832009e+02,   1.176118e+01,   3.462605e-03,   4.823595e+00,   1.176948e+01
  4.893613e+03,   5.490000e+00,   1.887283e+02,   1.218133e+01,   3.522373e-03,   4.909925e+00,   1.191140e+01
  5.185948e+03,   5.512000e+00,   1.943411e+02,   1.261045e+01,   3.579882e-03,   4.996560e+00,   1.205297e+01
  5.483391e+03,   5.534000e+00,   2.000394e+02,   1.304860e+01,   3.635340e-03,   5.083493e+00,   1.219421e+01
  5.785977e+03,   5.556000e+00,   2.058235e+02,   1.349584e+01,   3.688911e-03,   5.170724e+00,   1.233514e+01
  6.093746e+03,   5.578000e+00,   2.116936e+02,   1.395224e+01,   3.740748e-03,   5.258250e+00,   1.247576e+01
  6.406742e+03,   5.600000e+00,   2.176500e+02,   1.441787e+01,   3.790985e-03,   5.346068e+00,   1.261609e+01
  6.725004e+03,   5.622000e+00,   2.236929e+02,   1.489279e+01,   3.839731e-03,   5.434177e+00,   1.275614e+01
  7.048580e+03,   5.644000e+00,   2.298228e+02,   1.537707e+01,   3.887097e-03,   5.522577e+00,   1.289591e+01
  7.377507e+03,   5.666000e+00,   2.360400e+02,   1.587079e+01,   3.933166e-03,   5.611264e+00,   1.303543e+01
  7.711826e+03,   5.688000e+00,   2.423446e+02,   1.637401e+01,   3.978024e-03,   5.700238e+00,   1.317471e+01
  8.051572e+03,   5.710000e+00,   2.487371e+02,   1.688679e+01,   4.021741e-03,   5.789498e+00,   1.331375e+01
  8.396772e+03,   5.732000e+00,   2.552177e+02,   1.740921e+01,   4.064383e-03,   5.879041e+00,   1.345256e+01
  8.747454e+03,   5.754000e+00,   2.617867e+02,   1.794133e+01,   4.106009e-03,   5.968866e+00,   1.359116e+01
  9.103635e+03,   5.776000e+00,   2.684443e+02,   1.848320e+01,   4.146671e-03,   6.058969e+00,   1.372954e+01
  9.465326e+03,   5.798000e+00,   2.751907e+02,   1.903490e+01,   4.186418e-03,   6.149349e+00,   1.386773e+01
  9.832535e+03,   5.820000e+00,   2.820262e+02,   1.959647e+01,   4.225295e-03,   6.240003e+00,   1.400572e+01
  1.020526e+04,   5.842000e+00,   2.889508e+02,   2.016798e+01,   4.263340e-03,   6.330928e+00,   1.414351e+01
  1.058350e+04,   5.864000e+00,   2.959648e+02,   2.074947e+01,   4.300591e-03,   6.422121e+00,   1.428112e+01
  1.096724e+04,   5.886000e+00,   3.030683e+02,   2.134100e+01,   4.337085e-03,   6.513579e+00,   1.441855e+01
  1.135647e+04,   5.908000e+00,   3.102614e+02,   2.194263e+01,   4.372858e-03,   6.605298e+00,   1.455580e+01
  1.175118e+04,   5.930000e+00,   3.175442e+02,   2.255440e+01,   4.407937e-03,   6.697276e+00,   1.469288e+01
  1.215134e+04,   5.952000e+00,   3.249169e+02,   2.317636e+01,   4.442350e-03,   6.789508e+00,   1.482978e+01
  1.255693e+04,   5.974000e+00,   3.323794e+02,   2.380856e+01,   4.476124e-03,   6.881992e+00,   1.496652e+01
  1.296793e+04,   5.996000e+00,   3.399320e+02,   2.445104e+01,   4.509285e-03,   6.974725e+00,   1.510309e+01
  1.338431e+04,   6.018000e+00,   3.475747e+02,   2.510386e+01,   4.541858e-03,   7.067703e+00,   1.523950e+01
  1.380604e+04,   6.040000e+00,   3.553076e+02,   2.576706e+01,   4.573862e-03,   7.160923e+00,   1.537575e+01
  1.423308e+04,   6.062000e+00,   3.631307e+02,   2.644068e+01,   4.605312e-03,   7.254382e+00,   1.551184e+01
  1.466542e+04,   6.084000e+00,   3.710442e+02,   2.712478e+01,   4.636242e-03,   7.348078e+00,   1.564778e+01
  1.510304e+04,   6.106000e+00,   3.790484e+02,   2.781939e+01,   4.666671e-03,   7.442008e+00,   1.578357e+01
  1.554587e+04,   6.128000e+00,   3.871430e+02,   2.852457e+01,   4.696600e-03,   7.536169e+00,   1.591921e+01
  1.599395e+04,   6.150000e+00,   3.953286e+02,   2.924036e+01,   4.726069e-03,   7.630559e+00,   1.605472e+01
  1.644718e+04,   6.172000e+00,   4.036049e+02,   2.996681e+01,   4.755075e-03,   7.725175e+00,   1.619008e+01
  1.690559e+04,   6.194000e+00,   4.119724e+02,   3.070398e+01,   4.783652e-03,   7.820016e+00,   1.632531e+01
  1.736912e+04,   6.216000e+00,   4.204311e+02,   3.145189e+01,   4.811800e-03,   7.915080e+00,   1.646040e+01
  1.783778e+04,   6.238000e+00,   4.289812e+02,   3.221062e+01,   4.839542e-03,   8.010364e+00,   1.659537e+01
  1.831153e+04,   6.260000e+00,   4.376230e+02,   3.298020e+01,   4.866894e-03,   8.105868e+00,   1.673021e+01
  1.879035e+04,   6.282000e+00,   4.463566e+02,   3.376069e+01,   4.893863e-03,   8.201590e+00,   1.686494e+01
  1.927421e+04,   6.304000e+00,   4.551822e+02,   3.455213e+01,   4.920463e-03,   8.297528e+00,   1.699955e+01
  1.976312e+04,   6.326000e+00,   4.641001e+02,   3.535459e+01,   4.946710e-03,   8.393681e+00,   1.713405e+01
  2.025326e+04,   6.348000e+00,   4.730988e+02,   3.616722e+01,   4.971683e-03,   8.489943e+00,   1.726823e+01
  2.074716e+04,   6.370000e+00,   4.821865e+02,   3.699066e+01,   4.996044e-03,   8.586386e+00,   1.740225e+01
  2.124915e+04,   6.392000e+00,   4.913768e+02,   3.782601e+01,   5.020852e-03,   8.683128e+00,   1.753635e+01
  2.175930e+04,   6.414000e+00,   5.006703e+02,   3.867334e+01,   5.046111e-03,   8.780169e+00,   1.767054e+01
  2.227770e+04,   6.436000e+00,   5.100676e+02,   3.953274e+01,   5.071826e-03,   8.877510e+00,   1.780482e+01
  2.279917e+04,   6.458000e+00,   5.195533e+02,   4.040305e+01,   5.096848e-03,   8.975010e+00,   1.793891e+01
  2.331645e+04,   6.480000e+00,   5.291050e+02,   4.128257e+01,   5.119573e-03,   9.072477e+00,   1.807244e+01
  2.384192e+04,   6.502000e+00,   5.387613e+02,   4.217432e+01,   5.142703e-03,   9.170242e+00,   1.820608e+01
  2.437566e+04,   6.524000e+00,   5.485230e+02,   4.307840e+01,   5.166243e-03,   9.268305e+00,   1.833983e+01
  2.491776e+04,   6.546000e+00,   5.583905e+02,   4.399488e+01,   5.190196e-03,   9.366667e+00,   1.847370e+01
  2.546829e+04,   6.568000e+00,   5.683646e+02,   4.492386e+01,   5.214565e-03,   9.465327e+00,   1.860768e+01
  2.601389e+04,   6.590000e+00,   5.784053e+02,   4.586222e+01,   5.236847e-03,   9.563950e+00,   1.874113e+01
  2.656160e+04,   6.612000e+00,   5.885340e+02,   4.681167e+01,   5.258347e-03,   9.662714e+00,   1.887441e+01
  2.711768e+04,   6.634000e+00,   5.987701e+02,   4.777379e+01,   5.280217e-03,   9.761776e+00,   1.900781e+01
  2.768221e+04,   6.656000e+00,   6.091143e+02,   4.874865e+01,   5.302461e-03,   9.861136e+00,   1.914136e+01
  2.825526e+04,   6.678000e+00,   6.195673e+02,   4.973636e+01,   5.325082e-03,   9.960794e+00,   1.927505e+01
  2.883692e+04,   6.700000e+00,   6.301297e+02,   5.073701e+01,   5.348085e-03,   1.006075e+01,   1.940888e+01
  2.941328e+04,   6.722000e+00,   6.407616e+02,   5.174742e+01,   5.369203e-03,   1.016069e+01,   1.954224e+01
  2.999085e+04,   6.744000e+00,   6.514822e+02,   5.276915e+01,   5.389486e-03,   1.026075e+01,   1.967543e+01
  3.057695e+04,   6.766000e+00,   6.623132e+02,   5.380399e+01,   5.410108e-03,   1.036111e+01,   1.980879e+01
  3.117166e+04,   6.788000e+00,   6.732554e+02,   5.485204e+01,   5.431072e-03,   1.046178e+01,   1.994230e+01
  3.177507e+04,   6.810000e+00,   6.843094e+02,   5.591338e+01,   5.452381e-03,   1.056274e+01,   2.007598e+01
  3.238726e+04,   6.832000e+00,   6.954759e+02,   5.698812e+01,   5.474038e-03,   1.066400e+01,   2.020984e+01
  3.300377e+04,   6.854000e+00,   7.067435e+02,   5.807536e+01,   5.495391e-03,   1.076547e+01,   2.034369e+01
  3.361123e+04,   6.876000e+00,   7.180767e+02,   5.917219e+01,   5.514503e-03,   1.086688e+01,   2.047703e+01
  3.422740e+04,   6.898000e+00,   7.295236e+02,   6.028261e+01,   5.533926e-03,   1.096859e+01,   2.061055e+01
  3.485236e+04,   6.920000e+00,   7.410849e+02,   6.140672e+01,   5.553663e-03,   1.107060e+01,   2.074426e+01
  3.548619e+04,   6.942000e+00,   7.527616e+02,   6.254461e+01,   5.573716e-03,   1.117291e+01,   2.087815e+01
  3.612898e+04,   6.964000e+00,   7.645542e+02,   6.369639e+01,   5.594087e-03,   1.127553e+01,   2.101224e+01
  3.678082e+04,   6.986000e+00,   7.764637e+02,   6.486216e+01,   5.614781e-03,   1.137844e+01,   2.114653e+01
  3.743461e+04,   7.008000e+00,   7.884739e+02,   6.604061e+01,   5.634851e-03,   1.148155e+01,   2.128079e+01
  3.808176e+04,   7.030000e+00,   8.005650e+02,   6.723013e+01,   5.653155e-03,   1.158469e+01,   2.141476e+01
  3.873791e+04,   7.052000e+00,   8.127745e+02,   6.843385e+01,   5.671748e-03,   1.168813e+01,   2.154894e+01
  3.940312e+04,   7.074000e+00,   8.251030e+02,   6.965190e+01,   5.690631e-03,   1.179188e+01,   2.168333e+01
  4.007750e+04,   7.096000e+00,   8.375516e+02,   7.088437e+01,   5.709808e-03,   1.189594e+01,   2.181794e+01
  4.076112e+04,   7.118000e+00,   8.501210e+02,   7.213137e+01,   5.729280e-03,   1.200031e+01,   2.195276e+01
  4.145407e+04,   7.140000e+00,   8.628120e+02,   7.339302e+01,   5.749050e-03,   1.210499e+01,   2.208781e+01
  4.215645e+04,   7.162000e+00,   8.756255e+02,   7.466943e+01,   5.769122e-03,   1.220998e+01,   2.222309e+01
  4.284588e+04,   7.184000e+00,   8.885210e+02,   7.595718e+01,   5.786690e-03,   1.231499e+01,   2.235808e+01
  4.354448e+04,   7.206000e+00,   9.015398e+02,   7.725982e+01,   5.804511e-03,   1.242032e+01,   2.249330e+01
  4.425249e+04,   7.228000e+00,   9.146832e+02,   7.857750e+01,   5.822603e-03,   1.252596e+01,   2.262875e+01
  4.496998e+04,   7.250000e+00,   9.279521e+02,   7.991032e+01,   5.840969e-03,   1.263192e+01,   2.276445e+01
  4.569705e+04,   7.272000e+00,   9.413473e+02,   8.125840e+01,   5.859610e-03,   1.273819e+01,   2.290040e+01
  4.643379e+04,   7.294000e+00,   9.548697e+02,   8.262187e+01,   5.878529e-03,   1.284478e+01,   2.303660e+01
  4.718029e+04,   7.316000e+00,   9.685203e+02,   8.400083e+01,   5.897728e-03,   1.295169e+01,   2.317305e+01
  4.793114e+04,   7.338000e+00,   9.822942e+02,   8.539492e+01,   5.916535e-03,   1.305889e+01,   2.330968e+01
  4.867595e+04,   7.360000e+00,   9.961814e+02,   8.680328e+01,   5.933663e-03,   1.316629e+01,   2.344638e+01
  4.943054e+04,   7.382000e+00,   1.010199e+03,   8.822748e+01,   5.951045e-03,   1.327402e+01,   2.358335e+01
  5.019501e+04,   7.404000e+00,   1.024349e+03,   8.966766e+01,   5.968684e-03,   1.338208e+01,   2.372059e+01
  5.096946e+04,   7.426000e+00,   1.038632e+03,   9.112392e+01,   5.986581e-03,   1.349046e+01,   2.385810e+01
  5.175397e+04,   7.448000e+00,   1.053049e+03,   9.259642e+01,   6.004739e-03,   1.359917e+01,   2.399589e+01
  5.254866e+04,   7.470000e+00,   1.067600e+03,   9.408526e+01,   6.023161e-03,   1.370822e+01,   2.413396e+01
  5.335361e+04,   7.492000e+00,   1.082287e+03,   9.559060e+01,   6.041849e-03,   1.381759e+01,   2.427231e+01
  5.416632e+04,   7.514000e+00,   1.097112e+03,   9.711258e+01,   6.060475e-03,   1.392731e+01,   2.441096e+01
  5.497262e+04,   7.536000e+00,   1.112078e+03,   9.865159e+01,   6.077239e-03,   1.403737e+01,   2.454993e+01
  5.578928e+04,   7.558000e+00,   1.127183e+03,   1.002075e+02,   6.094245e-03,   1.414778e+01,   2.468920e+01
  5.661638e+04,   7.580000e+00,   1.142429e+03,   1.017805e+02,   6.111495e-03,   1.425853e+01,   2.482878e+01
  5.745404e+04,   7.602000e+00,   1.157816e+03,   1.033707e+02,   6.128992e-03,   1.436962e+01,   2.496866e+01
  5.830235e+04,   7.624000e+00,   1.173346e+03,   1.049782e+02,   6.146739e-03,   1.448106e+01,   2.510885e+01
  5.916143e+04,   7.646000e+00,   1.189020e+03,   1.066032e+02,   6.164737e-03,   1.459285e+01,   2.524935e+01
  6.003138e+04,   7.668000e+00,   1.204840e+03,   1.082459e+02,   6.182988e-03,   1.470498e+01,   2.539018e+01
  6.091231e+04,   7.690000e+00,   1.220805e+03,   1.099063e+02,   6.201496e-03,   1.481747e+01,   2.553133e+01
  6.179332e+04,   7.712000e+00,   1.236942e+03,   1.115868e+02,   6.218739e-03,   1.493045e+01,   2.567305e+01
  6.267974e+04,   7.734000e+00,   1.253241e+03,   1.132866e+02,   6.235439e-03,   1.504387e+01,   2.581523e+01
  6.357731e+04,   7.756000e+00,   1.269691e+03,   1.150047e+02,   6.252376e-03,   1.515764e+01,   2.595776e+01
  6.448612e+04,   7.778000e+00,   1.286293e+03,   1.167414e+02,   6.269549e-03,   1.527179e+01,   2.610063e+01
  6.540631e+04,   7.800000e+00,   1.303048e+03,   1.184967e+02,   6.286963e-03,   1.538629e+01,   2.624384e+01
  6.633798e+04,   7.822000e+00,   1.319958e+03,   1.202708e+02,   6.304619e-03,   1.550117e+01,   2.638741e+01
  6.728124e+04,   7.844000e+00,   1.337025e+03,   1.220639e+02,   6.322519e-03,   1.561641e+01,   2.653133e+01
  6.823622e+04,   7.866000e+00,   1.354248e+03,   1.238761e+02,   6.340666e-03,   1.573203e+01,   2.667561e+01
  6.920304e+04,   7.888000e+00,   1.371631e+03,   1.257076e+02,   6.359062e-03,   1.584803e+01,   2.682026e+01
  7.017018e+04,   7.910000e+00,   1.389241e+03,   1.275649e+02,   6.375779e-03,   1.596479e+01,   2.696594e+01
  7.114780e+04,   7.932000e+00,   1.407024e+03,   1.294428e+02,   6.392476e-03,   1.608199e+01,   2.711208e+01
  7.213752e+04,   7.954000e+00,   1.424972e+03,   1.313408e+02,   6.409405e-03,   1.619958e+01,   2.725860e+01
  7.313946e+04,   7.976000e+00,   1.443086e+03,   1.332590e+02,   6.426566e-03,   1.631755e+01,   2.740552e+01
  7.415375e+04,   7.998000e+00,   1.461367e+03,   1.351975e+02,   6.443963e-03,   1.643593e+01,   2.755283e+01
  7.518052e+04,   8.020000e+00,   1.479818e+03,   1.371567e+02,   6.461598e-03,   1.655470e+01,   2.770054e+01
  7.621991e+04,   8.042000e+00,   1.498440e+03,   1.391366e+02,   6.479473e-03,   1.667387e+01,   2.784865e+01
  7.727203e+04,   8.064000e+00,   1.517234e+03,   1.411374e+02,   6.497590e-03,   1.679344e+01,   2.799717e+01
  7.833703e+04,   8.086000e+00,   1.536203e+03,   1.431595e+02,   6.515951e-03,   1.691342e+01,   2.814610e+01
  7.940744e+04,   8.108000e+00,   1.555453e+03,   1.452128e+02,   6.532774e-03,   1.703439e+01,   2.829642e+01
  8.048972e+04,   8.130000e+00,   1.574901e+03,   1.472896e+02,   6.549531e-03,   1.715587e+01,   2.844733e+01
  8.158527e+04,   8.152000e+00,   1.594531e+03,   1.493885e+02,   6.566518e-03,   1.727778e+01,   2.859867e+01
  8.269422e+04,   8.174000e+00,   1.614344e+03,   1.515097e+02,   6.583736e-03,   1.740011e+01,   2.875046e+01
  8.381673e+04,   8.196000e+00,   1.634342e+03,   1.536533e+02,   6.601187e-03,   1.752288e+01,   2.890270e+01
  8.495292e+04,   8.218000e+00,   1.654527e+03,   1.558196e+02,   6.618874e-03,   1.764608e+01,   2.905539e+01
  8.610296e+04,   8.240000e+00,   1.674901e+03,   1.580089e+02,   6.636799e-03,   1.776971e+01,   2.920854e+01
  8.726700e+04,   8.262000e+00,   1.695465e+03,   1.602213e+02,   6.654965e-03,   1.789378e+01,   2.936214e+01
  8.844518e+04,   8.284000e+00,   1.716222e+03,   1.624571e+02,   6.673373e-03,   1.801829e+01,   2.951622e+01
  8.963523e+04,   8.306000e+00,   1.737287e+03,   1.647273e+02,   6.690751e-03,   1.814385e+01,   2.967175e+01
  9.083841e+04,   8.328000e+00,   1.758616e+03,   1.670278e+02,   6.707633e-03,   1.827020e+01,   2.982832e+01
  9.205627e+04,   8.350000e+00,   1.780148e+03,   1.693528e+02,   6.724745e-03,   1.839702e+01,   2.998538e+01
  9.328898e+04,   8.372000e+00,   1.801884e+03,   1.717026e+02,   6.742088e-03,   1.852431e+01,   3.014295e+01
  9.453670e+04,   8.394000e+00,   1.823826e+03,   1.740775e+02,   6.759665e-03,   1.865207e+01,   3.030103e+01
  9.579960e+04,   8.416000e+00,   1.845977e+03,   1.764775e+02,   6.777479e-03,   1.878030e+01,   3.045963e+01
  9.707785e+04,   8.438000e+00,   1.868338e+03,   1.789032e+02,   6.795531e-03,   1.890902e+01,   3.061875e+01
  9.837164e+04,   8.460000e+00,   1.890912e+03,   1.813546e+02,   6.813824e-03,   1.903822e+01,   3.077839e+01
  9.968112e+04,   8.482000e+00,   1.913701e+03,   1.838320e+02,   6.832362e-03,   1.916791e+01,   3.093857e+01
  1.010070e+05,   8.504000e+00,   1.936773e+03,   1.863422e+02,   6.850606e-03,   1.929842e+01,   3.109983e+01
  1.023506e+05,   8.526000e+00,   1.960242e+03,   1.888961e+02,   6.867677e-03,   1.943031e+01,   3.126303e+01
  1.037105e+05,   8.548000e+00,   1.983939e+03,   1.914775e+02,   6.884980e-03,   1.956271e+01,   3.142681e+01
  1.050871e+05,   8.570000e+00,   2.007865e+03,   1.940866e+02,   6.902517e-03,   1.969563e+01,   3.159116e+01
  1.064805e+05,   8.592000e+00,   2.032024e+03,   1.967239e+02,   6.920290e-03,   1.982908e+01,   3.175610e+01
  1.078909e+05,   8.614000e+00,   2.056417e+03,   1.993896e+02,   6.938304e-03,   1.996306e+01,   3.192163e+01
  1.093185e+05,   8.636000e+00,   2.081047e+03,   2.020839e+02,   6.956559e-03,   2.009757e+01,   3.208775e+01
  1.107635e+05,   8.658000e+00,   2.105917e+03,   2.048073e+02,   6.975059e-03,   2.023263e+01,   3.225448e+01
  1.122261e+05,   8.680000e+00,   2.131030e+03,   2.075599e+02,   6.993807e-03,   2.036822e+01,   3.242182e+01
  1.137065e+05,   8.702000e+00,   2.156388e+03,   2.103423e+02,   7.012805e-03,   2.050437e+01,   3.258978e+01
  1.152059e+05,   8.724000e+00,   2.182236e+03,   2.131783e+02,   7.030441e-03,   2.064222e+01,   3.276019e+01
  1.167272e+05,   8.746000e+00,   2.208400e+03,   2.160510e+02,   7.047993e-03,   2.078092e+01,   3.293168e+01
  1.182709e+05,   8.768000e+00,   2.234833e+03,   2.189561e+02,   7.065789e-03,   2.092025e+01,   3.310391e+01
  1.198373e+05,   8.790000e+00,   2.261541e+03,   2.218940e+02,   7.083833e-03,   2.106022e+01,   3.327688e+01
  1.214268e+05,   8.812000e+00,   2.288525e+03,   2.248651e+02,   7.102127e-03,   2.120082e+01,   3.345061e+01
  1.230317e+05,   8.834000e+00,   2.315769e+03,   2.278677e+02,   7.120663e-03,   2.134198e+01,   3.362494e+01
  1.246538e+05,   8.856000e+00,   2.343280e+03,   2.309027e+02,   7.139447e-03,   2.148372e+01,   3.379993e+01
  1.262959e+05,   8.878000e+00,   2.371067e+03,   2.339710e+02,   7.158485e-03,   2.162606e+01,   3.397561e+01
  1.279582e+05,   8.900000e+00,   2.399133e+03,   2.370730e+02,   7.177781e-03,   2.176903e+01,   3.415201e+01
  1.295657e+05,   8.922000e+00,   2.427401e+03,   2.402010e+02,   7.196561e-03,   2.191225e+01,   3.432855e+01
  1.310594e+05,   8.944000e+00,   2.455812e+03,   2.433495e+02,   7.214190e-03,   2.205547e+01,   3.450483e+01
  1.325763e+05,   8.966000e+00,   2.484523e+03,   2.465338e+02,   7.232062e-03,   2.219937e+01,   3.468193e+01
  1.341166e+05,   8.988000e+00,   2.513537e+03,   2.497544e+02,   7.250180e-03,   2.234398e+01,   3.485987e+01
  1.356807e+05,   9.010000e+00,   2.542858e+03,   2.530118e+02,   7.268547e-03,   2.248929e+01,   3.503865e+01
  1.372689e+05,   9.032000e+00,   2.572491e+03,   2.563064e+02,   7.287167e-03,   2.263532e+01,   3.521829e+01
  1.388817e+05,   9.054000e+00,   2.602438e+03,   2.596388e+02,   7.306043e-03,   2.278206e+01,   3.539879e+01
  1.405193e+05,   9.076000e+00,   2.632705e+03,   2.630094e+02,   7.325179e-03,   2.292953e+01,   3.558017e+01
  1.421821e+05,   9.098000e+00,   2.663296e+03,   2.664187e+02,   7.344578e-03,   2.307774e+01,   3.576244e+01
  1.438704e+05,   9.120000e+00,   2.694214e+03,   2.698673e+02,   7.364243e-03,   2.322669e+01,   3.594560e+01
  1.455848e+05,   9.142000e+00,   2.725464e+03,   2.733556e+02,   7.384178e-03,   2.337639e+01,   3.612967e+01
  1.472387e+05,   9.164000e+00,   2.757137e+03,   2.768928e+02,   7.402875e-03,   2.352722e+01,   3.631522e+01
  1.488762e+05,   9.186000e+00,   2.789182e+03,   2.804740e+02,   7.421156e-03,   2.367895e+01,   3.650190e+01
  1.505353e+05,   9.208000e+00,   2.821563e+03,   2.840956e+02,   7.439690e-03,   2.383141e+01,   3.668945e+01
  1.522162e+05,   9.230000e+00,   2.854285e+03,   2.877582e+02,   7.458481e-03,   2.398460e+01,   3.687787e+01
  1.539193e+05,   9.252000e+00,   2.887352e+03,   2.914623e+02,   7.477532e-03,   2.413855e+01,   3.706719e+01
  1.556449e+05,   9.274000e+00,   2.920769e+03,   2.952085e+02,   7.496847e-03,   2.429324e+01,   3.725741e+01
  1.573933e+05,   9.296000e+00,   2.954540e+03,   2.989973e+02,   7.516428e-03,   2.444871e+01,   3.744854e+01
  1.591647e+05,   9.318000e+00,   2.988669e+03,   3.028293e+02,   7.536280e-03,   2.460494e+01,   3.764060e+01
  1.609596e+05,   9.340000e+00,   3.023162e+03,   3.067050e+02,   7.556406e-03,   2.476196e+01,   3.783358e+01
  1.627783e+05,   9.362000e+00,   3.058024e+03,   3.106250e+02,   7.576809e-03,   2.491976e+01,   3.802752e+01
  1.646210e+05,   9.384000e+00,   3.093259e+03,   3.145899e+02,   7.597494e-03,   2.507837e+01,   3.822241e+01
  1.664344e+05,   9.406000e+00,   3.129031e+03,   3.186164e+02,   7.617210e-03,   2.523841e+01,   3.841925e+01
  1.682312e+05,   9.428000e+00,   3.165356e+03,   3.227064e+02,   7.636212e-03,   2.539995e+01,   3.861808e+01
  1.700560e+05,   9.450000e+00,   3.202124e+03,   3.268488e+02,   7.655529e-03,   2.556252e+01,   3.881822e+01
  1.719093e+05,   9.472000e+00,   3.239342e+03,   3.310443e+02,   7.675165e-03,   2.572612e+01,   3.901967e+01
  1.737889e+05,   9.494000e+00,   3.276986e+03,   3.352906e+02,   7.695094e-03,   2.589065e+01,   3.922225e+01
  1.756893e+05,   9.516000e+00,   3.314989e+03,   3.395812e+02,   7.715247e-03,   2.605584e+01,   3.942557e+01
  1.776156e+05,   9.538000e+00,   3.353415e+03,   3.439223e+02,   7.735686e-03,   2.622192e+01,   3.962997e+01
  1.795680e+05,   9.560000e+00,   3.392268e+03,   3.483148e+02,   7.756413e-03,   2.638891e+01,   3.983546e+01
  1.815470e+05,   9.582000e+00,   3.431556e+03,   3.527594e+02,   7.777435e-03,   2.655680e+01,   4.004205e+01
  1.835530e+05,   9.604000e+00,   3.471284e+03,   3.572569e+02,   7.798754e-03,   2.672561e+01,   4.024977e+01
  1.855865e+05,   9.626000e+00,   3.511458e+03,   3.618079e+02,   7.820375e-03,   2.689536e+01,   4.045863e+01
  1.875987e+05,   9.648000e+00,   3.551718e+03,   3.663753e+02,   7.841593e-03,   2.706465e+01,   4.066652e+01
  1.893429e+05,   9.670000e+00,   3.590216e+03,   3.707685e+02,   7.858838e-03,   2.722649e+01,   4.086297e+01
  1.911141e+05,   9.692000e+00,   3.629175e+03,   3.752164e+02,   7.876370e-03,   2.738937e+01,   4.106075e+01
  1.929127e+05,   9.714000e+00,   3.668602e+03,   3.797200e+02,   7.894194e-03,   2.755330e+01,   4.125987e+01
  1.947391e+05,   9.736000e+00,   3.708505e+03,   3.842801e+02,   7.912314e-03,   2.771831e+01,   4.146036e+01
  1.965939e+05,   9.758000e+00,   3.748892e+03,   3.888978e+02,   7.930736e-03,   2.788441e+01,   4.166223e+01
  1.984775e+05,   9.780000e+00,   3.789772e+03,   3.935739e+02,   7.949465e-03,   2.805160e+01,   4.186551e+01
  2.003905e+05,   9.802000e+00,   3.831152e+03,   3.983095e+02,   7.968505e-03,   2.821992e+01,   4.207021e+01
  2.023334e+05,   9.824000e+00,   3.873041e+03,   4.031056e+02,   7.987862e-03,   2.838936e+01,   4.227635e+01
  2.043067e+05,   9.846000e+00,   3.915448e+03,   4.079632e+02,   8.007541e-03,   2.855995e+01,   4.248396e+01
  2.063110e+05,   9.868000e+00,   3.958382e+03,   4.128833e+02,   8.027549e-03,   2.873171e+01,   4.269305e+01
  2.083468e+05,   9.890000e+00,   4.001852e+03,   4.178671e+02,   8.047891e-03,   2.890465e+01,   4.290365e+01
  2.104147e+05,   9.912000e+00,   4.045867e+03,   4.229157e+02,   8.068572e-03,   2.907879e+01,   4.311578e+01
  2.124660e+05,   9.934000e+00,   4.090239e+03,   4.280095e+02,   8.089016e-03,   2.925344e+01,   4.332841e+01
  2.143119e+05,   9.956000e+00,   4.134185e+03,   4.330665e+02,   8.106979e-03,   2.942580e+01,   4.353741e+01
  2.161834e+05,   9.978000e+00,   4.178608e+03,   4.381813e+02,   8.125190e-03,   2.959911e+01,   4.374758e+01
  2.180808e+05,   1.000000e+01,   4.223516e+03,   4.433547e+02,   8.143653e-03,   2.977338e+01,   4.395892e+01
  2.365876e+05,   1.020000e+01,   4.655242e+03,   4.932252e+02,   8.323650e-03,   3.140374e+01,   4.593692e+01
  2.580024e+05,   1.040000e+01,   5.150836e+03,   5.505756e+02,   8.516746e-03,   3.317975e+01,   4.810671e+01
  2.821810e+05,   1.060000e+01,   5.714581e+03,   6.160044e+02,   8.727253e-03,   3.509635e+01,   5.045724e+01
  3.099992e+05,   1.080000e+01,   6.364870e+03,   6.916477e+02,   8.957828e-03,   3.718925e+01,   5.303630e+01
  3.400846e+05,   1.100000e+01,   7.110776e+03,   7.786731e+02,   9.200904e-03,   3.945999e+01,   5.584201e+01
  3.664470e+05,   1.120000e+01,   7.835158e+03,   8.643441e+02,   9.404775e-03,   4.157443e+01,   5.840130e+01
  3.935202e+05,   1.140000e+01,   8.605518e+03,   9.560546e+02,   9.610979e-03,   4.372475e+01,   6.098888e+01
  4.221615e+05,   1.160000e+01,   9.483572e+03,   1.060763e+03,   9.826297e-03,   4.605725e+01,   6.380797e+01
  4.540422e+05,   1.180000e+01,   1.047888e+04,   1.179733e+03,   1.006743e-02,   4.857170e+01,   6.685478e+01
