P (Pa), T (K), S (J/K/kg), rho (kg/m^3), Pe, Te, Se, rho_e  
200466464356.0,5034.62982322,3690.35653049,5590.13152818,1998204114.13,412.045222674,611.431846595,42.9320850735,
201305805081.0,5061.57279746,3698.9150902,5594.30866657,1997802605.95,410.421828497,611.241066576,42.8560795218,
202146936481.0,5088.58137392,3707.14068751,5598.49142564,1997555964.02,408.817730576,611.053152719,42.7833161442,
202988157003.0,5116.4637621,3715.82937686,5602.68447295,1997463394.03,407.23313221,610.867971062,42.7137617025,
203825976280.0,5144.8005413,3724.41691844,5606.93708382,1997524051.0,405.668235208,610.685479343,42.647382264,
204670539459.0,5171.98896243,3732.74123487,5611.16720339,1997737040.2,404.123239779,610.505642969,42.5841432264,
205521576733.0,5199.609712,3741.24963796,5615.25249283,1998101418.24,402.598344421,610.328390528,42.5240093445,
206374262255.0,5226.99855467,3749.72486361,5619.30697436,1998616194.15,401.093745809,610.153687184,42.4669447559,
207225869354.0,5254.92254454,3758.11388118,5623.39276848,1999280330.51,399.609638677,609.981423817,42.4129130088,
208080171664.0,5282.63555364,3766.59201453,5627.63919393,2000092744.62,398.146215702,609.811587093,42.3618770889,
208934787563.0,5310.1174217,3775.14714378,5631.71305573,2001052309.76,396.703667383,609.644127479,42.3137994475,
209791192286.0,5337.681949,3783.38846454,5635.78273898,2002157856.43,395.282181922,609.478959647,42.2686420294,
210646205361.0,5365.151081,3791.60909326,5639.88566233,2003408173.68,393.881945102,609.316067816,42.2263663016,
211504021588.0,5393.57082411,3799.85783434,5644.11189018,2004802010.41,392.503140157,609.155390238,42.1869332815,
212362220426.0,5421.71578175,3808.17200249,5648.22482555,2006338076.74,391.145947653,608.996890732,42.150303566,
213220967868.0,5450.43190384,3816.39907141,5652.2832226,2008015045.45,389.810545359,608.840497439,42.1164373604,
214084975893.0,5479.16608449,3824.1671714,5656.35598019,2009831553.35,388.497108117,608.686171068,42.0852945068,
214947054268.0,5507.91767865,3832.46536725,5660.45753479,2011786202.74,387.205807719,608.533869801,42.0568345137,
215811875755.0,5536.2032801,3840.55771621,5664.46710491,2013877562.85,385.936812771,608.383545329,42.0310165843,
216676938110.0,5564.3375757,3848.6750013,5668.54646538,2016104171.35,384.690288567,608.235165637,42.0077996458,
217548320199.0,5592.57227345,3856.77387099,5672.66045982,2018464535.79,383.46639696,608.088729471,41.9871423774,
218415698365.0,5621.49689867,3864.90283844,5676.71615561,2020957135.12,382.265296228,607.94418232,41.9690032393,
219284236145.0,5651.08651919,3873.23456579,5680.7367798,2023580421.18,381.087140948,607.801465356,41.9533405006,
220158062299.0,5680.12555809,3881.4904033,5684.7784971,2026332820.22,379.932081864,607.660564601,41.9401122672,
221034091120.0,5709.82596541,3889.8883523,5688.80541986,2029212734.38,378.80026576,607.521460904,41.9292765095,
221908014683.0,5738.97430939,3897.49946241,5692.87541736,2032218543.18,377.691835328,607.384126056,41.9207910896,
222780500758.0,5767.57207587,3905.5744277,5696.86931482,2035348605.07,376.606929044,607.248477929,41.9146137882,
223656787306.0,5796.61691693,3913.42065035,5700.85493489,2038601258.84,375.545681042,607.11453829,41.9107023308,
224535749934.0,5825.12803223,3922.046615,5704.92617893,2041974825.18,374.508220987,606.982259659,41.9090144141,
225421411192.0,5853.92446492,3930.13815507,5708.91051481,2045467608.06,373.494673954,606.851604664,41.9095077308,
226304434753.0,5883.27868105,3938.07054638,5712.92970163,2049077896.26,372.505160309,606.722549642,41.9121399951,
227183631580.0,5912.11322378,3946.10694277,5716.95501681,2052803964.74,371.539795587,606.595075656,41.9168689668,
228070331986.0,5941.96902159,3954.1220169,5720.92288536,2056644076.09,370.598690378,606.46914619,41.9236524752,
228960948247.0,5972.21433796,3961.76283785,5724.92513647,2060596481.92,369.681950213,606.344707036,41.9324484423,
229850695981.0,6001.98244618,3969.48785587,5728.92254886,2064659424.21,368.789675456,606.221728686,41.9432149055,
230736755709.0,6032.34828506,3977.16209874,5732.985047,2068831136.7,367.921961195,606.100188861,41.9559100393,
231634004829.0,6062.45473289,3984.92335412,5737.03611359,2073109846.15,367.07889714,605.980104303,41.970492177,
232532059088.0,6092.16224546,3992.76805784,5741.06685487,2077493773.69,366.260567523,605.861424966,41.986919831,
233430339216.0,6122.57560707,4000.9316099,5744.94702605,2081981136.06,365.467051002,605.744115497,42.0051517132,
234327011364.0,6154.52977228,4009.13187688,5748.97760574,2086570146.85,364.69842057,605.628174423,42.0251467539,
235227096174.0,6183.80040177,4016.95370097,5752.86118021,2091259017.72,363.954743472,605.513591179,42.0468641207,
236125903884.0,6213.97732739,4024.6438661,5756.77480075,2096045959.55,363.236081118,605.400356109,42.0702632363,
237027038655.0,6244.9705611,4032.10829521,5760.67606812,2100929183.6,362.542489008,605.288411641,42.095303796,
237933309940.0,6275.24724398,4039.64892093,5764.54439757,2105906902.64,361.874016663,605.177735407,42.1219457838,
238842455045.0,6305.85648318,4046.85974562,5768.50274303,2110977331.98,361.230707555,605.068311987,42.1501494886,
239746704847.0,6337.08936051,4054.53940087,5772.42945357,2116138690.56,360.612599048,604.960105838,42.1798755191,
240658620876.0,6368.12323649,4062.4779468,5776.36116168,2121389201.92,360.019722345,604.853135241,42.2110848185,
241567884580.0,6398.5869468,4070.09314764,5780.27874422,2126727095.21,359.452102435,604.747367771,42.243738678,
242484421785.0,6429.69921069,4077.45211254,5784.26643304,2132150606.12,358.909758054,604.642796197,42.2777987502,
243399166474.0,6461.25978779,4085.38424274,5788.12546329,2137657977.78,358.392701648,604.539415251,42.3132270609,
244315425313.0,6493.38238816,4093.33001766,5792.00717688,2143247461.61,357.90093934,604.437175241,42.3499860214,
245228960194.0,6525.43368948,4100.95381298,5795.91080774,2148917318.23,357.434470912,604.336077892,42.3880384393,
246152354128.0,6557.20588104,4108.25171167,5799.71225224,2154665818.17,356.993289781,604.236103546,42.4273475288,
247074080165.0,6588.82015786,4115.83294483,5803.5853107,2160491242.71,356.577382995,604.137256912,42.4678769208,
247995103803.0,6619.93328798,4123.52601973,5807.40063677,2166391884.57,356.186731228,604.039492426,42.5095906716,
248917960654.0,6651.93459679,4131.23760029,5811.30240466,2172366048.65,355.821308779,603.942799975,42.5524532714,
249839321456.0,6684.36329475,4138.35940685,5815.25616398,2178412052.66,355.481083589,603.847163086,42.5964296528,
250767949729.0,6715.21469485,4145.67253438,5819.07465998,2184528227.78,355.166017255,603.752575918,42.6414851972,
251699584861.0,6746.85964711,4153.12317723,5822.91968751,2190712919.26,354.876065052,603.659022863,42.6875857424,
252630523551.0,6778.3045372,4160.68211564,5826.78187194,2196964487.0,354.611175967,603.566487199,42.7346975878,
253564158972.0,6810.55647488,4168.13889459,5830.64644691,2203281306.05,354.371292738,603.474964943,42.7827875011,
254498277246.0,6842.31385863,4175.79710887,5834.52552393,2209661767.19,354.156351893,603.384441196,42.8318227223,
255430818926.0,6875.06724664,4183.43863736,5838.36528259,2216104277.35,353.966283807,603.294900839,42.881770969,
256365327625.0,6907.7032316,4190.76541282,5842.26620817,2222607260.09,353.801012757,603.206331155,42.93260044,
257302872396.0,6940.1247692,4198.29689428,5846.12496407,2229169156.02,353.660456985,603.118723364,42.9842798192,
258243045040.0,6972.52148107,4205.68346868,5849.83320284,2235788423.2,353.544528775,603.032053611,43.0367782783,
259187850915.0,7004.83804495,4213.28585283,5853.68453592,2242463537.48,353.453134523,602.946307106,43.0900654797,
260132491612.0,7038.64281229,4220.73620692,5857.47572839,2249192992.91,353.386174824,602.861478394,43.1441115786,
261080954167.0,7071.25892128,4227.94096514,5861.33359548,2255975301.98,353.343544561,602.777553489,43.1988872246,
262028059840.0,7104.36362383,4235.44965078,5865.16812013,2262808995.96,353.325132999,602.694503445,43.2543635633,
262976947786.0,7137.90359002,4242.78344197,5868.98871299,2269692625.16,353.330823887,602.612319256,43.3105122373,
263925307913.0,7170.61402824,4249.92189362,5872.80468473,2276624759.18,353.360495562,602.530986348,43.3673053863,
264877421042.0,7204.03553451,4257.21664875,5876.61723432,2283603987.11,353.414021063,602.450530077,43.4247156477,
265825218290.0,7237.22361036,4264.49474965,5880.51267649,2290628917.78,353.491268243,602.370922,43.4827161566,
266778286106.0,7270.638792,4271.58344323,5884.32615451,2297698179.88,353.592099896,602.292161438,43.5412805449,
267734312646.0,7304.33882769,4278.75390629,5888.16085843,2304810422.17,353.716373877,602.214219412,43.6003829409,
268689067772.0,7338.27872257,4285.76664782,5891.89206805,2311964313.61,353.863943231,602.137121404,43.659997968,
269650586614.0,7371.76527038,4292.8634221,5895.64263282,2319158543.49,354.034656332,602.060849493,43.7201007433,
270613050521.0,7405.33861179,4300.05360713,5899.40196827,2326391821.49,354.228357016,601.985395308,43.7806668761,
271575436977.0,7438.98651489,4307.10037179,5903.22536047,2333662877.85,354.444884722,601.910753294,43.8416724661,
272535537524.0,7473.26291801,4314.01544141,5906.95608551,2340970463.38,354.684074637,601.836904269,43.9030941008,
273498032823.0,7506.96718045,4321.05368069,5910.7326431,2348313349.53,354.94575784,601.763839372,43.9649088536,
274468124719.0,7541.27882356,4328.51437319,5914.46150174,2355690328.45,355.229761456,601.691523062,44.027094281,
275435699157.0,7574.9981752,4335.66175462,5918.21176561,2363100213.01,355.535908801,601.619976408,44.0896284196,
276408428933.0,7608.79681331,4342.60681055,5921.94577223,2370541836.8,355.864019544,601.549181804,44.1524897836,
277379130754.0,7642.95084745,4349.54040082,5925.71648733,2378014054.15,356.213909852,601.479163165,44.2156573608,
278352894409.0,7676.30989047,4356.57669996,5929.37777847,2385515740.11,356.585392556,601.409902744,44.2791106101,
279326017522.0,7711.42318483,4363.70239047,5933.14924126,2393045790.44,356.978277303,601.341374513,44.3428294574,
280299076435.0,7746.23032332,4370.84643052,5936.84185741,2400603121.56,357.392370717,601.273542233,44.4067942921,
281280508775.0,7781.01311518,4377.98352065,5940.55969203,2408186670.5,357.827476559,601.206405972,44.4709859633,
282264937984.0,7816.32682172,4385.16437652,5944.26871625,2415795394.88,358.283395887,601.139967967,44.5353857758,
283240709553.0,7850.54150736,4392.04467242,5947.96903373,2423428272.8,358.759927213,601.074215195,44.5999754859,
284222392095.0,7885.83201267,4399.03629977,5951.61807888,2431084302.81,359.256866667,601.009125047,44.6647372974,
285201537294.0,7920.78793007,4406.0651392,5955.35145319,2438762503.8,359.774008154,600.944694409,44.7296538573,
286186516120.0,7956.41683337,4413.00614071,5959.072288,2446461914.92,360.311143514,600.880925266,44.7947082511,
287175600890.0,7991.48205872,4419.64508019,5962.77322647,2454181595.49,360.86806268,600.817831093,44.859883999,
288161596221.0,8026.1980603,4426.68303435,5966.49185726,2461920624.89,361.444553834,600.755421637,44.9251650503,
289151306949.0,8061.0458638,4433.57652424,5970.1640831,2469678102.42,362.040403565,600.693650676,44.9905357797,
290142236486.0,8096.74715694,4440.35555182,5973.80259312,2477453147.27,362.65539702,600.632517507,45.0559809822,
291135355942.0,8132.3686557,4447.28338548,5977.51571565,2485244898.27,363.289318062,600.572008836,45.1214858683,
292133362000.0,8166.9356673,4454.19127056,5981.27320343,2493052513.89,363.941949416,600.512154005,45.1870360592,
293126966115.0,8202.53863846,4461.4017509,5984.98067138,2500875172.0,364.613072819,600.452918376,45.2526175823,
294119689483.0,8238.2020019,4468.32934412,5988.71990399,2508712069.82,365.302469169,600.394315698,45.3182168657,
295120081011.0,8274.1244797,4475.32227926,5992.36212665,2516562423.71,366.009918666,600.336328945,45.3838207336,
296119456536.0,8310.06604254,4481.90965741,5996.05183299,2524425469.05,366.735200959,600.278957709,45.4494164014,
297118006719.0,8347.15291028,4488.58142099,5999.68759205,2532300460.11,367.478095281,600.222163743,45.5149914705,
298120209649.0,8383.82671431,4495.35307301,6003.29693978,2540186669.86,368.238380584,600.165984532,45.5805339235,
299126501427.0,8419.8077381,4502.10385127,6006.92352339,2548083389.82,369.015835682,600.11039526,45.6460321189,
300133942334.0,8455.79559542,4508.6945396,6010.57789769,2555989929.93,369.810239371,600.055393855,45.7114747864,
301139820007.0,8491.86778586,4515.40286035,6014.28922066,2563905618.36,370.621370565,600.000936909,45.7768510216,
302149973699.0,8529.09065425,4521.95750672,6017.95030464,2571829801.33,371.449008416,599.947052617,45.842150281,
303156448218.0,8565.59844481,4528.57231018,6021.5401142,2579761842.99,372.292932439,599.893738409,45.907362377,
304172676986.0,8602.01513818,4535.32631302,6025.1502687,2587701125.21,373.15292263,599.841007845,45.9724774729,
305187141751.0,8638.43961926,4542.03771696,6028.78500653,2595647047.41,374.028759578,599.78885903,46.0374860777,
306203105246.0,8674.97135055,4548.76490478,6032.42691015,2603599026.42,374.920224582,599.737265653,46.1023790413,
307218782969.0,8711.38781055,4555.49732464,6036.07133816,2611556496.26,375.827099757,599.686227108,46.1671475492,
308236835252.0,8748.50863944,4562.12689898,6039.66007551,2619518908.03,376.749168138,599.635739565,46.2317831178,
309257148343.0,8785.96362809,4568.83365636,6043.31330998,2627485729.63,377.686213784,599.585773248,46.2962775892,
310279379784.0,8823.68495319,4575.4359074,6046.89882162,2635456445.69,378.638021877,599.536377112,46.3606231263,
311296897524.0,8859.89474128,4582.18614762,6050.54392273,2643430557.33,379.604378814,599.48751988,46.424812208,
312320108304.0,8897.0716696,4588.9474373,6054.19334114,2651407581.99,380.585072301,599.439209462,46.4888376241,
313343906951.0,8935.13232101,4595.86576856,6057.75531508,2659387053.25,381.579891441,599.391431853,46.5526924703,
314371929397.0,8973.650799,4602.80235168,6061.34408672,2667368520.67,382.588626818,599.344187158,46.6163701438,
315405185229.0,9011.0053878,4609.50423525,6064.97225583,2675351549.58,383.611070579,599.297446234,46.679864338,
316437279741.0,9049.36739208,4616.17601979,6068.59404154,2683335720.91,384.647016512,599.251188159,46.7431690379,
317470751467.0,9086.38590843,4622.48781405,6072.15166194,2691320631.02,385.696260122,599.205439952,46.8062785154,
318505053500.0,9124.84827479,4628.87129108,6075.71756007,2699305891.5,386.758598699,599.160202278,46.8691873243,
319538570114.0,9163.17040709,4635.43817477,6079.31417683,2707291129.0,387.833831392,599.115471196,46.9318902958,
320570496089.0,9201.30998248,4641.72741489,6082.84872911,2715275985.05,388.921759266,599.071229344,46.9943825341,
321607425212.0,9240.12320246,4648.20954759,6086.35158458,2723260115.86,390.022185374,599.027462117,47.056659411,
322644677486.0,9278.20734817,4654.71778253,6089.92562808,2731243192.18,391.134914808,598.984203292,47.1187165622,
323686725028.0,9317.18187826,4661.14435316,6093.51393282,2739224899.06,392.259754756,598.941418287,47.180549882,
324730054729.0,9356.45274899,4667.7834819,6097.13649597,2747204935.74,393.396514558,598.899113297,47.2421555192,
325775432555.0,9395.13137364,4674.42450615,6100.689563,2755183015.4,394.545005755,598.85728011,47.3035298726,
326822292767.0,9434.68509934,4680.73183017,6104.25501429,2763158865.03,395.705042133,598.815904754,47.3646695864,
327868210498.0,9473.34363687,4687.34190965,6107.7802267,2771132225.23,396.87643977,598.775005568,47.4255715459,
328919022248.0,9512.40528922,4693.84363629,6111.28923645,2779102850.05,398.059017079,598.734539619,47.4862328731,
329972516713.0,9551.36515393,4700.54243479,6114.80497114,2787070506.77,399.252594842,598.694538679,47.5466509223,
331024630457.0,9590.76368706,4707.1652722,6118.3148647,2795034975.78,400.45699625,598.654965112,47.6068232761,
332076663515.0,9630.45412343,4713.72164327,6121.88064412,2802996050.35,401.672046936,598.615841843,47.6667477408,
333130000824.0,9669.55365302,4720.26662112,6125.368393,2810953536.5,402.897575004,598.577144142,47.7264223424,
334185396774.0,9708.86366734,4726.77537093,6128.9447258,2818907252.79,404.133411063,598.538874253,47.7858453224,
335243327276.0,9748.09910268,4732.98190186,6132.50409464,2826857030.15,405.379388247,598.500999491,47.8450151338,
336301144187.0,9786.53763155,4739.57541788,6136.00843622,2834802711.74,406.635342244,598.46358821,47.9039304367,
337360095235.0,9825.30072881,4746.09941966,6139.56346074,2842744152.72,407.901111317,598.426599814,47.9625900946,
338421562603.0,9864.50848215,4752.42766191,6143.07724594,2850681220.13,409.176536321,598.390020303,48.0209931701,
339486288156.0,9904.74764102,4758.66435257,6146.53213354,2858613792.68,410.461460726,598.353828193,48.0791389214,
340554940561.0,9944.37967534,4764.82217987,6150.04781866,2866541760.6,411.755730629,598.318074459,48.1370267977,
341618163245.0,9984.35814574,4771.09249877,6153.55881862,2874465025.48,413.059194768,598.282727794,48.1946564359,
342685361105.0,10024.0644839,4777.61903063,6157.03968624,2882383500.05,414.371704537,598.247791665,48.2520276567,
343749556163.0,10064.306332,4783.97742506,6160.55438712,2890297108.09,415.693113993,598.213271215,48.3091404603,
344821963237.0,10104.2763659,4790.11511699,6164.03883385,2898205784.16,417.023279869,598.179163625,48.3659950233,
345891522734.0,10144.8375251,4796.52262956,6167.53043744,2906109473.55,418.362061576,598.145446786,48.4225916945,
346968957907.0,10184.330085,4802.91785934,6171.04764504,2914008132.0,419.709321211,598.112135455,48.4789309914,
348044698494.0,10224.1829582,4809.06071093,6174.57554599,2921901725.61,421.064923562,598.079255438,48.5350135966,
349121097240.0,10264.8965945,4815.12532393,6178.13109444,2929790230.66,422.428736106,598.046771263,48.5908403539,
350200045928.0,10305.4252666,4821.50709197,6181.6436328,2937673633.42,423.800629017,598.014718982,48.6464122653,
351278786079.0,10346.175957,4827.77073119,6185.16071327,2945551929.99,425.180475159,597.983044086,48.7017304868,
352361982571.0,10386.6432061,4833.94103596,6188.70553222,2953425126.18,426.568150088,597.951738067,48.7567963253,
353445723962.0,10428.0827981,4839.95317822,6192.16650764,2961293237.28,427.96353205,597.920804065,48.8116112349,
354530734098.0,10469.81106,4846.32919706,6195.64126366,2969156287.97,429.366501972,597.890242313,48.8661768139,
355618100685.0,10510.7327056,4852.78433695,6199.0916585,2977014312.08,430.776943464,597.860078529,48.9204948009,
356708405894.0,10551.2342557,4859.12277652,6202.53683813,2984867352.51,432.194742807,597.830267152,48.9745670716,
357800025682.0,10592.5106888,4865.26327029,6205.98157331,2992715461.01,433.619788948,597.800821889,49.0283956355,
358892037029.0,10634.2957578,4871.51559194,6209.47412371,3000558698.03,435.051973492,597.771705876,49.0819826328,
359986838367.0,10675.7648372,4877.67775649,6212.93578119,3008397132.6,436.491190693,597.742936281,49.1353303308,
361082434696.0,10717.2429168,4884.02373054,6216.43879973,3016230842.12,437.937337445,597.714540548,49.1884411209,
362178142077.0,10758.6972641,4890.37214322,6219.91441568,3024059912.24,439.390313266,597.686487969,49.2413175153,
363275009549.0,10800.8172919,4896.17122591,6223.39849935,3031884436.67,440.850020296,597.658790657,49.2939621438,
364374326096.0,10842.1458468,4901.99476577,6226.9273359,3039704517.07,442.316363274,597.631439843,49.346377751,
365475102436.0,10883.3468793,4907.92084194,6230.43905601,3047520262.85,443.789249533,597.604451373,49.3985671925,
366574182355.0,10924.8728823,4913.73479951,6233.89223998,3055331791.03,445.268588983,597.577802291,49.4505334327,
367677420469.0,10966.5001965,4919.65255339,6237.29244887,3063139226.08,446.754294095,597.551493996,49.502279541,
368783415112.0,11008.2744831,4925.88958419,6240.76344445,3070942699.78,448.246279892,597.525538383,49.5538086894,
369889644998.0,11050.6320046,4931.79862717,6244.23472075,3078742351.06,449.744463925,597.499893044,49.6051241489,
370996080312.0,11092.7273476,4937.99154656,6247.68354234,3086538325.83,451.248766265,597.474585138,49.6562292871,
372106883927.0,11133.9883412,4943.98180343,6251.06264689,3094330776.86,452.759109483,597.449599239,49.7071275651,
373217880220.0,11176.5283286,4950.07531145,6254.45537445,3102119863.58,454.275418631,597.424940889,49.7578225344,
374331367978.0,11218.9803084,4956.13997981,6257.8558002,3109905751.98,455.797621229,597.40062312,49.8083178342,
375444749373.0,11261.7544295,4962.03497441,6261.28919492,3117688614.43,457.325647244,597.376624259,49.8586171887,
376559705299.0,11304.1012757,4968.12632677,6264.79332949,3125468629.52,458.859429073,597.352960641,49.9087244041,
377674983904.0,11346.5425751,4973.89356949,6268.20939278,3133245981.93,460.398901524,597.32960831,49.9586433656,
378794721165.0,11388.9262809,4979.92627572,6271.58205158,3141020862.28,461.944001798,597.306544942,50.0083780353,
379912536609.0,11432.2576566,4985.8693217,6274.98139008,3148793466.96,463.494669469,597.283801114,50.0579324487,
381032821378.0,11475.6487088,4992.07401842,6278.46197189,3156563998.0,465.050846464,597.261351931,50.1073107125,
382154332275.0,11517.9282675,4998.07527658,6281.85025396,3164332662.91,466.612477047,597.23922297,50.1565170019,
383276106652.0,11560.7338941,5003.81759659,6285.28663082,3172099674.53,468.179507791,597.217395086,50.2055555576,
384402095644.0,11604.3305161,5009.88317726,6288.71847353,3179865250.9,469.751887569,597.195885124,50.2544306834,
385527631288.0,11647.5007417,5015.93819328,6292.1726645,3187629615.09,471.329567523,597.174700337,50.3031467438,
386657657876.0,11691.139213,5021.84360492,6295.57554428,3195392995.07,472.912501051,597.153816055,50.3517081608,
387796827204.0,11734.3829736,5027.73382874,6299.01179523,3203155623.53,474.500643781,597.133232775,50.4001194121,
388932597419.0,11777.7732005,5033.54452475,6302.48685054,3210917737.78,476.093953554,597.112948476,50.448385028,
390063627330.0,11822.5617177,5039.27651709,6305.85891185,3218679579.58,477.692390402,597.092977106,50.496509589,
391197829126.0,11866.7831601,5045.13089291,6309.25779142,3226441394.99,479.295916525,597.073293753,50.5444977236,
392331821229.0,11910.2214597,5051.02449419,6312.68036169,3234203434.23,480.904496272,597.053919961,50.5923541054,
393472675459.0,11954.315443,5056.89764644,6316.011157,3241965951.53,482.518096117,597.034819762,50.6400834512,
394611692899.0,11998.1930648,5062.81968456,6319.40831082,3249729205.01,484.136684643,597.016004533,50.6876905179,
395748167699.0,12042.5893977,5068.68131365,6322.81792387,3257493456.48,485.760232513,596.997500087,50.7351801006,
396891236772.0,12086.9006898,5074.57603301,6326.10919032,3265258971.37,487.388712454,596.979258394,50.7825570302,
398027389642.0,12130.937541,5080.44308471,6329.57199637,3273026018.52,489.022099234,596.9613132,50.8298261708,
399172025745.0,12174.788185,5086.10011034,6332.89802601,3280794870.07,490.66036964,596.943647232,50.8769924176,
400313860745.0,12218.4166732,5091.73069596,6336.18655509,3288565801.33,492.303502456,596.926244458,50.9240606943,
401457293371.0,12262.7079463,5097.49938969,6339.61180892,3296339090.6,493.951478442,596.909104671,50.9710359512,
402607631417.0,12306.0660462,5103.25386487,6342.97946096,3304115019.06,495.604280311,596.892234808,51.0179231626,
403761025208.0,12351.0265825,5108.71409866,6346.3651547,3311893870.59,497.261892709,596.875606994,51.0647273249,
404908703386.0,12395.7650068,5114.51332716,6349.6906267,3319675931.69,498.924302192,596.859230686,51.111453454,
406058176748.0,12440.7707296,5120.35352885,6353.02615062,3327461491.28,500.591497206,596.843095909,51.1581065832,
407212845772.0,12485.7974146,5125.63322682,6356.44894859,3335250840.59,502.263468063,596.827209489,51.2046917613,
408369099276.0,12531.2197933,5131.46261889,6359.79196332,3343044273.02,503.94020692,596.811588947,51.25121405,
409527492557.0,12576.2565658,5136.99197104,6363.13795334,3350842083.99,505.621707758,596.796258761,51.2976785223,
410686809620.0,12621.8477105,5142.79540534,6366.48592498,3358644570.8,507.307966361,596.78119649,51.3440902597,
411845000250.0,12668.0711192,5148.54147968,6369.83354444,3366452032.5,508.998980292,596.766396738,51.3904543507,
413006836680.0,12714.12206,5154.53024026,6373.19024872,3374264769.75,510.694748872,596.751867826,51.4367758886,
414170828947.0,12759.6256227,5160.23522786,6376.56072336,3382083084.68,512.395273162,596.73758531,51.4830599691,
415336807044.0,12805.5373257,5165.92413382,6379.92723222,3389907280.76,514.100555935,596.723556142,51.5293116887,
416504840411.0,12850.9525208,5171.75692524,6383.21907425,3397737662.66,515.810601663,596.709779047,51.5755361424,
417671024850.0,12896.9225695,5177.35432902,6386.58323885,3405574536.09,517.525416485,596.696245657,51.6217384219,
418841784616.0,12943.6298122,5183.17334363,6389.94152095,3413418207.72,519.245008196,596.68293696,51.6679236135,
420012657759.0,12990.4093249,5188.78042295,6393.33973581,3421268984.98,520.96938622,596.669868647,51.7140967963,
421183171593.0,13036.9308513,5194.01377646,6396.65217183,3429127175.99,522.698561587,596.657025865,51.76026304,
422357425235.0,13082.8022163,5199.58083132,6399.96172633,3436993089.36,524.432546919,596.644411757,51.8064274033,
423533643549.0,13129.1409374,5205.13900697,6403.29416702,3444867034.13,526.171356402,596.632054433,51.8525949318,
424710834706.0,13175.6819696,5210.85606587,6406.67438564,3452749319.57,527.915005767,596.619928992,51.8987706564,
425888669329.0,13222.5998903,5216.49752228,6409.97794648,3460640255.08,529.66351227,596.608026384,51.9449595911,
427064127159.0,13269.8647803,5221.94741112,6413.22576214,3468540150.08,531.416894671,596.596363124,51.9911667314,
428245230829.0,13316.2769619,5227.37139645,6416.58616344,3476449313.84,533.175173211,596.584921898,52.0373970525,
429427966104.0,13363.4834387,5232.80998069,6419.91412347,3484368055.36,534.938369595,596.573707714,52.0836555076,
430614225678.0,13409.8966914,5238.19286598,6423.24679934,3492296683.27,536.706506967,596.56273398,52.1299470258,
431801061669.0,13457.2067203,5243.63075886,6426.52514225,3500235505.65,538.479609892,596.551960053,52.1762765108,
432989164519.0,13504.1406501,5249.29598382,6429.8483514,3508184829.98,540.257704334,596.54142329,52.2226488389,
434185001117.0,13550.1591489,5254.70377839,6433.20717027,3516144962.93,542.040817636,596.531085344,52.2690688575,
435372164847.0,13598.046291,5260.02396082,6436.46406006,3524116210.27,543.828978501,596.520962764,52.3155413833,
436560673207.0,13645.6901952,5265.52083409,6439.78855314,3532098876.78,545.622216968,596.511049679,52.3620712006,
437749147188.0,13692.652926,5270.85427151,6443.12256342,3540093266.06,547.420564396,596.50134191,52.40866306,
438941704368.0,13740.4115008,5276.20171801,6446.48276228,3548099680.46,549.22405344,596.491867717,52.4553216764,
440139959858.0,13788.5632367,5281.57234994,6449.81273196,3556118420.94,551.032718033,596.482599314,52.5020517277,
441330837943.0,13836.0309602,5287.19260193,6453.10900737,3564149786.93,552.846593365,596.473518966,52.5488578531,
442528900514.0,13883.6806402,5292.75839453,6456.39623084,3572194076.25,554.665715865,596.464649606,52.5957446518,
443728313996.0,13931.4389033,5298.23409966,6459.77218474,3580251584.95,556.490123175,596.455973781,52.6427166812,
444926123868.0,13979.029017,5303.7382149,6463.05139037,3588322607.23,558.319854139,596.447501315,52.6897784554,
446129516662.0,14027.2460629,5309.15247886,6466.31288668,3596407435.29,560.154948777,596.439227361,52.7369344443,
447332504363.0,14075.0379827,5314.63607962,6469.59004248,3604506359.23,561.995448264,596.431147556,52.7841890715,
448531834384.0,14123.4282633,5319.90481521,6472.90468993,3612619666.94,563.841394918,596.423265869,52.8315467131,
449740215214.0,14171.4370009,5325.4601746,6476.22425302,3620747643.98,565.692832172,596.415589604,52.8790116964,
450947019896.0,14219.2147359,5330.9690742,6479.55521418,3628890573.45,567.549804558,596.408098964,52.9265882988,
452149985924.0,14267.7850307,5336.39739937,6482.83568717,3637048735.93,569.412357691,596.400804305,52.9742807457,
453357200471.0,14316.3700495,5341.67075419,6486.07557012,3645222409.3,571.280538242,596.393701129,53.0220932101,
454572361581.0,14364.8522656,5346.82103558,6489.33512453,3653411868.7,573.154393925,596.386790884,53.0700298106,
455784272431.0,14414.3963918,5352.01204363,6492.60560891,3661617386.36,575.033973477,596.38007575,53.1180946106,
456991214321.0,14463.4507814,5357.32171553,6495.85799698,3669839231.54,576.919326634,596.373570286,53.1662916168,
458203708545.0,14512.0592936,5362.59216591,6499.15020765,3678077670.42,578.81050412,596.367246016,53.214624778,
459421332952.0,14560.6862095,5367.66458451,6502.48600839,3686332965.97,580.707557619,596.361095671,53.2630979841,
460640748731.0,14609.1323224,5372.94368601,6505.82321826,3694605377.86,582.610539765,596.355118427,53.3117150649,
461859795278.0,14657.801094,5377.99987779,6509.14815436,3702895162.36,584.519504115,596.349306447,53.3604797888,
463085049235.0,14707.4670034,5383.12791356,6512.38450474,3711202572.27,586.434505137,596.343675428,53.4093958618,
464308114519.0,14756.2610321,5388.19180504,6515.66258131,3719527856.75,588.355598187,596.338212026,53.4584669265,
465532175291.0,14805.6478574,5393.29259657,6518.86440044,3727871261.32,590.282839492,596.332933308,53.5076965608,
466753331652.0,14854.5704899,5398.73946594,6522.18887428,3736233027.66,592.216286132,596.327831585,53.5570882772,
467980349228.0,14903.8589701,5403.73750822,6525.46773669,3744613393.62,594.155996021,596.322902011,53.6066455217,
469211370738.0,14953.4734884,5408.87050647,6528.68037767,3753012593.03,596.102027889,596.318152418,53.6563716726,
470444487459.0,15002.6169357,5414.32496785,6531.96002987,3761430855.69,598.054441261,596.313576214,53.7062700397,
471669339842.0,15052.406921,5419.62978349,6535.26434239,3769868407.25,600.013296445,596.309157088,53.7563438637,
472907923865.0,15101.6050084,5424.84403836,6538.51224419,3778325469.08,601.978654507,596.304903902,53.8065963147,
474140758364.0,15151.5076094,5429.95122216,6541.77985515,3786802258.28,603.950577258,596.30081509,53.8570304918,
475374801053.0,15201.7644496,5435.19021263,6545.071601,3795298987.51,605.929127234,596.296885344,53.9076494221,
476613783423.0,15252.1858756,5440.54626648,6548.30883026,3803815864.94,607.914367678,596.293118871,53.95845606,
477850620366.0,15302.0911482,5445.78985863,6551.54000564,3812353094.17,609.906362525,596.289497622,54.0094532862,
479087991334.0,15352.1000964,5450.91708894,6554.75925552,3820910874.15,611.905176378,596.286035869,54.0606439071,
480329833110.0,15402.8590852,5456.12228712,6557.99376855,3829489399.12,613.9108745,596.282728281,54.1120306542,
481572754327.0,15453.7820896,5461.37335331,6561.28331781,3838088858.5,615.923522786,596.279580296,54.1636161832,
482815309963.0,15504.3390327,5466.65514591,6564.44346118,3846709436.83,617.943187755,596.276602672,54.2154030732,
484060957822.0,15554.6338596,5471.80001102,6567.69613054,3855351313.7,619.969936526,596.27378631,54.2673938266,
485312134522.0,15605.425555,5476.68311574,6570.97118407,3864014663.71,622.003836806,596.271112627,54.319590868,
486560066997.0,15656.803862,5481.68502144,6574.25460139,3872699656.35,624.044956868,596.268608522,54.3719965438,
487809167132.0,15708.3113565,5486.67175677,6577.46033348,3881406455.96,626.093365538,596.266240531,54.4246131215,
489060107327.0,15759.8618237,5491.62645441,6580.69105677,3890135221.67,628.149132177,596.264013009,54.4774427895,
490311886572.0,15811.1362629,5496.82586275,6583.9551475,3898886107.33,630.212326662,596.26193431,54.5304876564,
491564510761.0,15862.0705532,5501.96068637,6587.21855596,3907659261.45,632.283019374,596.260011228,54.5837497503,
492823839285.0,15913.7512431,5507.10278738,6590.51218112,3916454827.14,634.361281176,596.258238639,54.6372310189,
494077032755.0,15965.3680891,5512.05562166,6593.80366032,3925272942.06,636.447183403,596.256614324,54.6909333287,
495334564826.0,16015.9971962,5516.95813919,6597.02587569,3934113738.37,638.540797839,596.255130224,54.7448584647,
496594652612.0,16067.3428975,5521.97048866,6600.28652752,3942977342.65,640.642196704,596.253795166,54.7990081302,
497851879379.0,16118.7416634,5527.21509597,6603.49168694,3951863875.89,642.751452641,596.2526383,54.8533839461,
499114961789.0,16171.22225,5532.38218545,6606.65702223,3960773453.41,644.868638694,596.251618875,54.9079874512,
500376506009.0,16222.3602712,5537.32000243,6609.94225605,3969706184.82,646.993828295,596.25073485,54.9628201014,
501636661061.0,16275.3547703,5542.37790323,6613.17704705,3978662173.98,649.127095251,596.249993694,55.0178832697,
502904120224.0,16328.0259809,5547.51992148,6616.39954273,3987641518.97,651.268513722,596.249375485,55.0731782462,
504169711863.0,16380.0124738,5552.35918662,6619.61058399,3996644312.03,653.418158213,596.248883482,55.1287062375,
505439048892.0,16431.8003435,5557.21678099,6622.86964632,4005670639.52,655.576103552,596.248512397,55.1844683667,
506711417242.0,16483.8413247,5562.12844916,6626.14578763,4014720581.91,657.74242488,596.248276873,55.2404656736,
507988623017.0,16535.8604596,5567.03305777,6629.3017244,4023794213.71,659.917197632,596.248181212,55.2966991142,
509265576822.0,16587.7846845,5571.99063757,6632.53035616,4032891603.48,662.100497525,596.248223918,55.3531695609,
510541704978.0,16640.7555851,5577.04673366,6635.73524497,4042012813.76,664.292400542,596.248383387,55.4098778023,
511818768921.0,16693.5082023,5582.05502761,6638.90826635,4051157901.06,666.492982915,596.248662938,55.4668245435,
513093277798.0,16745.5083692,5587.00183065,6642.06639466,4060326915.84,668.702321116,596.249069277,55.5240104055,
514372739290.0,16797.6473421,5591.88951054,6645.26836493,4069519902.5,670.920491836,596.249589409,55.5814359263,
515650649534.0,16850.2823863,5597.01783756,6648.46837779,4078736899.31,673.147571978,596.250222367,55.6391015597,
516932184643.0,16903.2225097,5601.70746918,6651.76684926,4087977938.43,675.383638635,596.250967193,55.6970076767,
518212032287.0,16956.0813379,5606.57433005,6654.9633104,4097243045.91,677.628769083,596.251832864,55.7551545647,
519497786077.0,17009.9592515,5611.52042851,6658.17942472,4106532241.62,679.883040763,596.252808467,55.8135424281,
520784336438.0,17062.1703119,5616.2931477,6661.37811226,4115845539.28,682.146531268,596.25391959,55.8721713884,
522072114428.0,17115.3486516,5621.35344136,6664.56872159,4125182946.43,684.419318331,596.255147932,55.9310414845,
523361247632.0,17168.6963826,5626.36108927,6667.737735,4134544464.46,686.701479811,596.256499209,55.9901526728,
524653842666.0,17223.1286971,5631.40411231,6670.92345553,4143930088.55,688.993093679,596.257961725,56.0495048278,
525946406482.0,17276.6835163,5636.4255061,6673.97942736,4153339807.68,691.294238006,596.259551949,56.1090977421,
527238701970.0,17330.3049845,5641.32715347,6677.2635486,4162773604.68,693.604990949,596.261261549,56.1689311268,
528528459623.0,17384.5266288,5646.33405614,6680.42656239,4172231456.15,695.925430741,596.26307426,56.2290046122,
529825518932.0,17438.391679,5651.42179115,6683.71962745,4181713332.53,698.255635675,596.264999975,56.2893177475,
531116209122.0,17491.980759,5656.18938777,6687.01042934,4191219198.06,700.595684093,596.267038136,56.3498700022,
532409749448.0,17546.5003225,5660.98196765,6690.21012094,4200749010.84,702.945654375,596.26918733,56.4106607657,
533708958547.0,17601.0200207,5665.90022948,6693.38790949,4210302722.78,705.305624926,596.271435927,56.471689348,
535006796240.0,17655.5944914,5670.65986992,6696.56927765,4219880279.63,707.675674164,596.273805227,56.5329549806,
536308456604.0,17709.4729042,5675.49863672,6699.8370818,4229481621.04,710.05588051,596.276283644,56.5944568166,
537609643038.0,17763.7901136,5680.23525523,6703.05541814,4239106680.5,712.446322372,596.278881609,56.6561939314,
538913624093.0,17818.2393959,5684.9631488,6706.27088101,4248755385.44,714.847078141,596.281575294,56.7181653234,
540217547487.0,17872.3317797,5689.88345524,6709.51447277,4258427657.17,717.258226174,596.284374424,56.7803699144,
541522066666.0,17927.5278646,5694.61368602,6712.68696345,4268123410.96,719.679844784,596.287273249,56.8428065505,
542830008860.0,17981.7348225,5699.33665785,6715.85002182,4277842556.05,722.112012233,596.290270542,56.9054740024,
544141900569.0,18036.1993295,5703.88727339,6719.01603181,4287584995.67,724.554806717,596.293365084,56.9683709665,
545458852420.0,18091.6090129,5708.82365601,6722.20759251,4297350627.09,727.008306357,596.296563461,57.0314960653,
546773502781.0,18146.7971701,5713.62090362,6725.38857603,4307139341.6,729.472589192,596.299866594,57.0948478486,
548086998855.0,18202.3560239,5718.25058644,6728.57933872,4316951024.62,731.947733165,596.303271865,57.1584247935,
549401990058.0,18258.211626,5722.97627112,6731.78144562,4326785555.68,734.433816114,596.306770888,57.2222253059,
550719993456.0,18313.4084253,5727.55676608,6734.96103294,4336642808.47,736.930915766,596.31037011,57.286247721,
552034588377.0,18369.1922322,5732.14808018,6738.11947511,4346522650.89,739.439109722,596.314056403,57.3504903043,
553347669877.0,18424.6546289,5736.72957175,6741.23847293,4356424945.09,741.958475454,596.317828961,57.4149512523,
554669655892.0,18480.1514982,5741.38604578,6744.43313534,4366349547.52,744.48909029,596.321698499,57.4796286932,
555991239362.0,18535.6786629,5746.05851777,6747.67220578,4376296308.95,747.031031411,596.325657457,57.5445206886,
557319236104.0,18591.4796429,5750.76404848,6750.8567383,4386265074.57,749.58437584,596.329700243,57.6096252335,
558645297963.0,18647.173496,5755.25922881,6754.07267565,4396255683.97,752.149200431,596.333832445,57.6749402578,
559971280696.0,18702.9661207,5759.71043807,6757.27205527,4406267971.27,754.725581868,596.338058645,57.7404636272,
561294986971.0,18758.7059715,5764.4582014,6760.45662026,4416301765.13,757.313596649,596.342382531,57.8061931441,
562625393432.0,18814.6508746,5769.20532666,6763.63647668,4426356888.8,759.913321084,596.346796622,57.8721265487,
563957588716.0,18871.23427,5774.02872761,6766.79690021,4436433160.23,762.524831286,596.351290553,57.9382615202,
565290803648.0,18927.3531419,5778.8113218,6769.99403213,4446530392.06,765.148203164,596.355886234,58.0045956775,
566622318243.0,18983.3808229,5783.69913226,6773.15795121,4456648391.75,767.783512415,596.360560189,58.0711265807,
567957508176.0,19040.0522274,5788.44243689,6776.3863111,4466786961.61,770.430834519,596.365317711,58.137851732,
569289890765.0,19096.6683921,5793.14984373,6779.68418055,4476945898.88,773.090244732,596.370156778,58.2047685767,
570624070737.0,19153.1431772,5797.84332414,6783.00152736,4487124995.8,775.761818077,596.375071885,58.2718745049,
571958039210.0,19210.2946137,5802.34054401,6786.1416696,4497324039.67,778.445629343,596.380062313,58.3391668521,
573299412595.0,19267.5180957,5807.00340741,6789.31971576,4507542812.93,781.141753075,596.385138129,58.4066429006,
574643034869.0,19324.9996524,5811.59144083,6792.44423703,4517781093.27,783.850263571,596.390287806,58.474299881,
575982666849.0,19382.4527379,5816.34089269,6795.58519665,4528038653.65,786.571234875,596.39551064,58.5421349729,
577324750359.0,19439.168347,5820.8029951,6798.75339678,4538315262.42,789.304740772,596.400816828,58.6101453068,
578663859311.0,19495.3944895,5825.25744682,6801.99858011,4548610683.39,792.050854784,596.406194756,58.6783279648,
580004989381.0,19552.5497543,5829.70426582,6805.183515,4558924675.92,794.809650165,596.41164374,58.7466799823,
581353348624.0,19609.3418837,5834.35688722,6808.34247207,4569256994.99,797.581199897,596.417168061,58.8151983491,
582697835748.0,19666.7225948,5839.02181063,6811.53205884,4579607391.33,800.365576684,596.422762074,58.8838800111,
584046385301.0,19723.8441113,5843.54070953,6814.70801679,4589975611.47,803.16285295,596.428434956,58.9527218711,
585396494415.0,19780.974247,5848.0333017,6817.82434818,4600361397.82,805.973100834,596.434176181,59.0217207907,
586746428836.0,19837.7570721,5852.54368507,6820.97514147,4610764488.83,808.796392188,596.440003297,59.0908735915,
588095972571.0,19896.1838576,5856.9121713,6824.18278701,4621184619.03,811.632798571,596.44590137,59.1601770564,
589448552970.0,19953.4066016,5861.40880619,6827.47140803,4631621519.13,814.48239125,596.451865787,59.2296279312,
590806156212.0,20011.0573099,5865.96774795,6830.68111645,4642074916.17,817.345241193,596.457895913,59.2992229262,
592157881578.0,20068.9853238,5870.62925999,6833.82595795,4652544533.56,820.221419068,596.463991124,59.3689587174,
593516591410.0,20126.7010304,5875.28239905,6837.02042493,4663030091.22,823.110995243,596.470155187,59.4388319481,
594873663550.0,20184.6819676,5879.81019195,6840.14311537,4673531305.7,826.014039781,596.476393291,59.5088392305,
596237377591.0,20243.1861491,5884.24642252,6843.3963173,4684047890.24,828.930622437,596.482694594,59.578977147,
597592937126.0,20301.3536893,5888.6825543,6846.61137703,4694579554.93,831.86081266,596.489058498,59.6492422522,
598955925159.0,20359.5342593,5893.30646217,6849.79020303,4705126006.79,834.804679592,596.49548441,59.7196310739,
600315618200.0,20417.7728453,5897.83828357,6852.98207091,4715686949.9,837.762292059,596.501977669,59.7901401153,
601683788247.0,20476.298561,5902.2317825,6856.15473775,4726262085.52,840.733718582,596.508542201,59.8607658559,
603047019558.0,20534.3035599,5906.69677923,6859.3312898,4736851112.2,843.719027366,596.515171699,59.9315047539,
604409186267.0,20593.6534234,5911.18730053,6862.49391021,4747453725.89,846.718286305,596.521866592,60.0023532472,
605778193337.0,20653.4369081,5915.63387127,6865.69845989,4758069620.09,849.731562979,596.528625314,60.0733077554,
607144374760.0,20711.9996011,5920.07914363,6868.94637708,4768698485.95,852.758924658,596.535442528,60.1443646814,
608512802970.0,20771.3232252,5924.58552682,6872.15747261,4779340012.4,855.800438296,596.542322416,60.2155204131,
609885263806.0,20830.1600782,5929.08478707,6875.33749798,4789993886.29,858.856170536,596.549259695,60.2867713251,
611257848484.0,20890.1178062,5933.53731391,6878.50818288,4800659792.51,861.926187712,596.556253829,60.3581137804,
612633991005.0,20949.370827,5937.89138479,6881.69980052,4811337414.14,865.010555844,596.563309848,60.4295441321,
614008744080.0,21008.9573586,5942.23667897,6884.9162549,4822026432.54,868.109340644,596.570426843,60.5010587253,
615381663123.0,21067.2794067,5946.59688712,6888.11173782,4832726527.55,871.222607516,596.577608561,60.5726538989,
616758211132.0,21127.3420168,5950.96944237,6891.34246406,4843437377.57,874.350421557,596.584845013,60.6443259872,
618139023976.0,21187.5020614,5955.24208996,6894.55452981,4854158659.73,877.492847558,596.592135698,60.7160713219,
619520807776.0,21247.1325886,5959.60148833,6897.69103484,4864890050.03,880.649950009,596.599480124,60.7878862336,
620900346207.0,21306.8895627,5963.78542153,6900.84368177,4875631223.47,883.8217931,596.606888414,60.8597670543,
622284448990.0,21367.4786061,5968.32739021,6903.94702128,4886381854.22,887.008440719,596.614349451,60.9317101186,
623665735228.0,21427.3977889,5972.75587932,6907.13929939,4897141615.74,890.209956463,596.621862762,61.0037117659,
625054528077.0,21487.3543833,5977.24360556,6910.40766551,4907910180.95,893.426403632,596.62943295,61.0757683422,
626444559107.0,21547.0901389,5981.69151353,6913.60188203,4918687222.38,896.65784524,596.637054475,61.1478762021,
627833681691.0,21606.5979917,5986.00330184,6916.79739047,4929472412.32,899.904344013,596.644726884,61.2200317107,
629228834808.0,21666.6321304,5990.28024817,6919.98604565,4940265422.96,903.165962393,596.652449733,61.2922312455,
630623390406.0,21727.1946091,5994.63268517,6923.16814061,4951065926.58,906.442762546,596.660222583,61.3644711985,
632013432115.0,21787.8302398,5999.01269652,6926.39152742,4961873595.69,909.734806361,596.668045005,61.4367479778,
633407303422.0,21847.3918202,6003.42084854,6929.55422117,4972688103.19,913.042155454,596.675922206,61.5090580103,
634800199553.0,21906.5708828,6007.63564591,6932.72643542,4983509122.55,916.364871178,596.683853637,61.5813977428,
636200378834.0,21965.9664946,6011.78936748,6935.91891022,4994336327.95,919.703014622,596.69183752,61.6537636451,
637596820903.0,22026.3065108,6016.11891836,6939.12017417,5005169394.5,923.056646616,596.699869274,61.7261522109,
638999135493.0,22087.6160118,6020.51886191,6942.2907226,5016007998.32,926.425827742,596.707948502,61.7985599609,
640401535757.0,22148.4481724,6024.83128161,6945.44916325,5026851816.83,929.810618329,596.716074815,61.8709834443,
641804657759.0,22208.637914,6029.13142656,6948.58457708,5037700528.8,933.211078468,596.724254275,61.9434192409,
643208317820.0,22267.9500606,6033.44966696,6951.76098282,5048553814.64,936.627268013,596.73248004,62.0158639635,
644610623570.0,22328.8504886,6037.69607787,6954.9266264,5059411356.49,940.059246585,596.740751741,62.0883142599,
646014733212.0,22389.9747275,6041.98591419,6958.09747724,5070272838.47,943.507073583,596.749069017,62.160766815,
647421345831.0,22450.530248,6046.2589168,6961.31162077,5081137946.8,946.970808186,596.757435787,62.2332183531,
648831598807.0,22509.8247444,6050.51913875,6964.45678854,5092006370.05,950.45050936,596.765847419,62.3056656399,
650241621129.0,22571.5830669,6054.90815618,6967.64979003,5102877799.27,953.946235865,596.774303571,62.3781054851,
651653470698.0,22631.2102507,6059.13727676,6970.90485023,5113751928.21,957.458046263,596.78280391,62.4505347441,
653065911518.0,22692.5072704,6063.27723777,6974.11870467,5124628453.51,960.985998923,596.791348111,62.5229503206,
654481478630.0,22754.6093435,6067.39874541,6977.22504095,5135507074.88,964.530152028,596.799935853,62.5953491689,
655898968841.0,22815.2920839,6071.41267727,6980.34695805,5146387495.33,968.090563583,596.808566824,62.6677282959,
657319278490.0,22877.1163635,6075.48952481,6983.5971788,5157269421.31,971.667291423,596.817240719,62.7400847638,
658732880864.0,22940.4300694,6079.64735238,6986.82860462,5168152562.99,975.260393218,596.825957241,62.8124156919,
660151412354.0,23003.1529559,6083.86093599,6990.00632202,5179036634.37,978.869926485,596.834716097,62.8847182596,
661566263830.0,23064.6161221,6088.01563481,6993.17053065,5189921353.58,982.495948589,596.843517003,62.9569897081,
662982345625.0,23125.1269292,6092.09720925,6996.3575323,5200806443.01,986.13851676,596.852364847,63.0292273434,
664403799250.0,23186.9587,6096.17005223,6999.53792777,5211691629.58,989.797688094,596.861254181,63.1014285381,
665826264283.0,23248.7448677,6100.27870319,7002.76531141,5222576644.9,993.473519563,596.870184744,63.1735907344,
667252371963.0,23309.2242525,6104.55699198,7005.92978941,5233461225.53,997.166068028,596.879156278,63.2457114462,
668675423293.0,23371.5381307,6108.93540105,7009.17189835,5244345113.18,1000.87539024,596.888168536,63.3177882615,
670098592718.0,23434.4341698,6113.30846132,7012.39902568,5255228054.91,1004.60154286,596.897221276,63.3898188453,
671528696462.0,23497.3835583,6117.47639811,7015.54102676,5266109803.39,1008.34458245,596.906314264,63.4618009415,
672955604398.0,23559.3626459,6121.76813351,7018.77553142,5276990117.1,1012.1045655,596.915452782,63.5337323762,
674386360367.0,23621.9046901,6125.86265141,7021.9245701,5287868760.56,1015.88154843,596.924631085,63.6056110594,
675820280659.0,23685.2087355,6130.11326921,7025.15151275,5298745504.56,1019.6755876,596.933848959,63.6774349883,
677253329340.0,23747.9729688,6134.37351079,7028.31906201,5309620126.4,1023.48673932,596.943106199,63.7492022495,
678682593631.0,23810.55959,6138.49347872,7031.54770066,5320492410.14,1027.31505986,596.952402605,63.8209110217,
680111038475.0,23872.3546549,6142.62053213,7034.71968772,5331362146.78,1031.16060545,596.961737987,63.8925595783,
681541997570.0,23935.4152176,6146.63242792,7037.94824552,5342229134.58,1035.02343231,596.97111216,63.9641462902,
682976179004.0,23998.2107572,6150.67877926,7041.19055325,5353093179.23,1038.90359665,596.980524947,64.0356696284,
684416157416.0,24061.3143502,6154.85427536,7044.35844875,5363954094.14,1042.80115467,596.989976177,64.1071281667,
685858377379.0,24124.3394543,6159.10610209,7047.55300079,5374811700.67,1046.71616259,596.999465688,64.1785205845,
687300574037.0,24186.1704159,6163.24546494,7050.71498621,5385665828.41,1050.64867664,597.008993324,64.2498456694,
688738903871.0,24249.2031056,6167.46819265,7053.91644443,5396516315.38,1054.59875309,597.018558936,64.3211023201,
690179094537.0,24312.7447688,6171.54779335,7057.04491363,5407363008.33,1058.56644824,597.028166682,64.3922895494,
691624061185.0,24376.3359459,6175.63827243,7060.27228588,5418205762.98,1062.55181846,597.037812117,64.4634064865,
693070601861.0,24439.8179611,6179.52320657,7063.51474267,5429044444.31,1066.55492018,597.047495113,64.5344523804,
694515687114.0,24503.1064333,6183.56357746,7066.66353183,5439878926.77,1070.57580989,597.057219551,64.6054266025,
695964359053.0,24568.1019353,6187.49472294,7069.8166766,5450709094.6,1074.61454417,597.066981306,64.6763286496,
697414322095.0,24632.7050167,6191.37264084,7073.02827254,5461534842.08,1078.67117972,597.076785677,64.7471581466,
698863740771.0,24697.6941909,6195.48069911,7076.25025967,5472356073.81,1082.74577332,597.086627147,64.81791485,
700310689858.0,24760.9219769,6199.49824612,7079.43688857,5483172704.96,1086.8383819,597.096505624,64.8885986503,
701760623583.0,24825.0563559,6203.35177669,7082.5929291,5493984661.58,1090.94906248,597.106421025,64.9592095752,
703216096742.0,24889.2935144,6207.29610961,7085.7615064,5504791880.89,1095.07787227,597.116373272,65.0297477927,
704674036736.0,24952.5700491,6211.24353052,7089.02954222,5515594311.51,1099.22486861,597.126362297,65.1002136143,
706136505464.0,25017.0874854,6215.16709296,7092.20175578,5526391913.83,1103.39010902,597.136388038,65.1706074976,
707590824230.0,25082.5846579,6219.2339057,7095.44235519,5537184660.21,1107.57365118,597.146455568,65.2409300501,
709043590900.0,25146.7594277,6223.33507485,7098.66613494,5547972535.35,1111.77555298,597.156559698,65.3111820316,
710501124183.0,25210.1688181,6227.37816377,7101.85378291,5558755536.56,1115.99587251,597.166700387,65.381364358,
711960284831.0,25275.175951,6231.21720998,7105.0338701,5569533674.02,1120.23466809,597.176877601,65.4514781042,
713417794552.0,25340.8796499,6235.02591726,7108.22393104,5580306971.17,1124.49199824,597.187097561,65.5215245071,
714882090500.0,25405.3848335,6239.01005102,7111.45093598,5591075464.92,1128.76792174,597.197353984,65.5915049694,
716348597266.0,25470.3586037,6243.04468501,7114.69946646,5601839206.05,1133.06249764,597.20764686,65.6614210624,
717807527486.0,25534.2866613,6246.93827652,7117.9109948,5612598259.43,1137.37578522,597.217976183,65.7312745295,
719274159081.0,25599.8218752,6250.76657927,7121.15309827,5623352704.42,1141.70784406,597.228341957,65.8010672896,
720745718657.0,25664.9807937,6254.6485203,7124.42464063,5634102635.13,1146.05873405,597.238744191,65.8708014403,
722214820193.0,25729.1779916,6258.69698987,7127.65699046,5644848160.78,1150.42851535,597.249182903,65.9404792611,
723683327684.0,25792.7070169,6262.70930028,7130.82099588,5655589406.0,1154.81724847,597.259658117,66.0101032176,
725155191703.0,25857.9438788,6266.81954878,7134.02208501,5666326511.15,1159.22499423,597.270169863,66.0796759638,
726633914694.0,25921.9575368,6270.92459628,7137.19714233,5677059632.68,1163.65181381,597.280723351,66.1492003467,
728110441900.0,25986.9527891,6274.78548668,7140.40462845,5687788943.46,1168.09776873,597.291313443,66.2186794088,
729592774607.0,26051.5944699,6278.79253837,7143.5565623,5698514633.09,1172.56292091,597.301940194,66.2881163925,
731063918508.0,26116.027842,6282.80570333,7146.78587946,5709236908.26,1177.04733262,597.312603665,66.3575147429,
732539439438.0,26183.9465009,6286.59657495,7149.99785446,5719955993.1,1181.55106655,597.323308492,66.426878112,
734025907987.0,26250.2939937,6290.52487377,7153.23435486,5730672129.5,1186.07418581,597.334050169,66.4962103618,
735508987864.0,26316.6810226,6294.25616611,7156.42817387,5741385577.48,1190.61675391,597.344834,66.5655155682,
736990786001.0,26381.2192907,6298.12252691,7159.65528913,5752096615.56,1195.17883481,597.355654835,66.6347980248,
738460625677.0,26447.0875567,6302.16096726,7162.85850761,5762805541.06,1199.76049292,597.366512772,66.7040622461,
739939443936.0,26513.086353,6306.25917016,7166.07321738,5773512670.51,1204.36179313,597.377407914,66.7733129718,
741426116080.0,26578.2134433,6310.35348313,7169.28637271,5784218340.01,1208.98280079,597.388340372,66.8425551701,
742911907728.0,26644.4439871,6314.41874246,7172.50826485,5794922905.54,1213.62358175,597.399310265,66.9117940415,
744400934813.0,26710.7366236,6318.44267922,7175.74512761,5805626743.39,1218.28420238,597.410322991,66.981035023,
745892273871.0,26778.6638791,6322.34301001,7178.94744683,5816330250.5,1222.96472954,597.421373399,67.0502837913,
747379980307.0,26845.4863254,6326.25982058,7182.12051921,5827033844.85,1227.66523065,597.43246163,67.1195462672,
748868652543.0,26912.23084,6330.24823337,7185.38847502,5837737965.81,1232.38577369,597.443592307,67.188828619,
750359145315.0,26979.0611641,6334.10907985,7188.66230883,5848443074.54,1237.12642716,597.454761097,67.2581372669,
751854786925.0,27045.6703733,6338.07331653,7191.92499493,5859149654.35,1241.88726017,597.465968164,67.3274788862,
753358217376.0,27113.4058632,6342.15196285,7195.09832697,5869858211.14,1246.66834242,597.477213675,67.396860412,
754855934039.0,27179.0981725,6346.02334478,7198.31683112,5880569273.71,1251.4697442,597.488497808,67.4662890427,
756356140546.0,27246.2298234,6349.74961693,7201.53427874,5891283394.19,1256.29153643,597.499820747,67.5357722438,
757852564238.0,27312.9716015,6353.55273373,7204.7532759,5902001148.45,1261.13379065,597.511182682,67.6053177525,
759352113113.0,27381.536141,6357.4017065,7207.9205336,5912723136.46,1265.99657906,597.522583811,67.6749335813,
760848579558.0,27449.4125857,6360.93218998,7211.14221891,5923449982.69,1270.87997451,597.53402434,67.744628022,
762352681604.0,27515.886148,6364.66310407,7214.36002344,5934182336.55,1275.78405055,597.545504482,67.8144096498,
763849443013.0,27583.8250414,6368.41885019,7217.59852787,5944920872.72,1280.70888138,597.557034447,67.8842873276,
765356630383.0,27650.6999117,6372.0611286,7220.80116368,5955666291.65,1285.65454193,597.568604442,67.9542702098,
766860798232.0,27717.8093397,6375.66761534,7223.98857188,5966419319.86,1290.62110784,597.580214701,68.0243677465,
768359583391.0,27785.5915589,6379.45072636,7227.18437002,5977180710.44,1295.6086555,597.591865466,68.0945896875,
769859784278.0,27852.9450916,6383.45465271,7230.42303576,5987951243.38,1300.61726201,597.603556987,68.1649460868,
771372949172.0,27919.8102481,6387.16269987,7233.64161533,5998731726.07,1305.64700526,597.615289519,68.2354473062,
772880797666.0,27987.317684,6390.75289395,7236.92759023,6009522993.63,1310.6979639,597.62706804,68.3061040197,
774395868479.0,28054.7421149,6394.58510997,7240.13249653,6020325909.38,1315.77021739,597.638888094,68.3769272178,
775912234476.0,28121.9458094,6398.40453651,7243.36444755,6031141365.22,1320.86384595,597.650749959,68.4479282115,
777421679589.0,28188.6164465,6402.06668326,7246.69920584,6041970282.08,1325.97893067,597.662653921,68.5191186363,
778937026387.0,28255.3336431,6405.78491111,7249.9470032,6052813610.32,1331.11555344,597.674600272,68.5905104567,
780456338026.0,28323.5217157,6409.55775001,7253.22219204,6063672330.16,1336.273797,597.686589312,68.6621159701,
781974201502.0,28390.9328524,6413.36042583,7256.4381654,6074547452.1,1341.45374496,597.698621348,68.7339478111,
783484001961.0,28458.9902184,6416.95872787,7259.64464303,6085440017.31,1346.65548179,597.710696695,68.8060189558,
784998825579.0,28527.6828766,6420.63455504,7262.86708385,6096351098.13,1351.87909285,597.722815674,68.8783427255,
786515808477.0,28594.7494106,6424.41851996,7266.02977646,6107281798.39,1357.12466443,597.734978614,68.9509327914,
788030555875.0,28662.5571187,6428.08196372,7269.40065828,6118233253.94,1362.3922837,597.747190613,69.0238031783,
789551491138.0,28733.1931356,6431.79835651,7272.5721212,6129206632.98,1367.68203879,597.759447238,69.0969682693,
791081025444.0,28800.6669404,6435.50988748,7275.78495746,6140203136.56,1372.99401876,597.771748841,69.1704428093,
792599859115.0,28868.6617017,6439.16243242,7278.95123277,6151223998.93,1378.32831363,597.78409578,69.2442419093,
794118433066.0,28937.6035086,6442.85438119,7282.23696438,6162270488.03,1383.6850144,597.796488419,69.318381051,
795636882403.0,29006.23372,6446.66999134,7285.473501,6173343905.87,1389.06421305,597.808927132,69.3928760901,
797158398286.0,29074.5245049,6450.44540501,7288.777297,6184445588.97,1394.46600258,597.821412297,69.4677432609,
798680763770.0,29142.1257822,6454.16908612,7292.13046682,6195576908.77,1399.890477,597.833944303,69.5429991801,
800205264292.0,29208.3022864,6457.78980296,7295.47678501,6206739272.06,1405.33773132,597.846523543,69.618660851,
801735498700.0,29276.4975694,6461.457096,7298.83983548,6217934121.39,1410.80786165,597.85915042,69.6947456671,
803263527069.0,29346.7426553,6465.3145097,7302.2116705,6229162935.46,1416.3009651,597.871825342,69.7712714165,
804791562518.0,29415.5139803,6469.06873331,7305.41230428,6240427229.58,1421.81713991,597.884553204,69.8482562856,
806327491833.0,29483.4142486,6472.74569955,7308.72057261,6251728556.07,1427.35648535,597.897329939,69.9257188629,
807859999892.0,29553.9530133,6476.05377038,7311.98707234,6263068504.62,1432.91910183,597.910155978,70.0036781428,
809390530447.0,29623.9762368,6479.7046301,7315.31813161,6274448702.78,1438.50509086,597.923031759,70.0821535296,
810927248030.0,29693.2192405,6483.40156036,7318.60351295,6285870816.26,1444.11455509,597.935957727,70.161164841,
812466005853.0,29763.6872761,6487.28840065,7321.84501175,6297336549.42,1449.74759828,597.948934335,70.240732312,
814004430381.0,29831.8328867,6491.05913658,7325.16543334,6308847645.61,1455.40432539,597.961962043,70.3208765984,
815544607577.0,29900.931469,6494.62546447,7328.50079318,6320405887.57,1461.08484252,597.975041319,70.4016187801,
817083427745.0,29969.3476788,6498.23503228,7331.71618733,6332013097.85,1466.78925695,597.988172636,70.4829803652,
818614554665.0,30041.0732427,6501.97540337,7335.0593185,6343671139.13,1472.51767718,598.001356477,70.5649832929,
820155652211.0,30109.9853295,6505.47314186,7338.44202755,6355381914.64,1478.2702129,598.014593331,70.6476499372,
821694068087.0,30178.7691569,6509.01086789,7341.69798394,6367147368.52,1484.04697503,598.027888372,70.7310031097,
823235121094.0,30249.4854806,6512.42932911,7345.04304456,6378969486.18,1489.84807573,598.041237417,70.8150660635,
824783265612.0,30319.5280161,6515.75304077,7348.35389813,6390850294.66,1495.67362841,598.054640976,70.8998624958,
826333746899.0,30389.9021132,6519.41671556,7351.62289418,6402791862.99,1501.52374775,598.068099569,70.9854165512,
827892904926.0,30460.4925421,6523.23607023,7354.94529672,6414796302.49,1507.39854968,598.081613721,71.0717528242,
829440778016.0,30531.0896651,6526.82323336,7358.19980766,6426865767.19,1513.29815146,598.095183965,71.1588963628,
830986986049.0,30599.0938789,6530.39142209,7361.48625124,6439002454.08,1519.22267163,598.108810842,71.2468726705,
832536160058.0,30667.8217349,6533.9550881,7364.87824412,6451208603.46,1525.17223005,598.122494901,71.3357077094,
834092965070.0,30738.7867031,6537.49820293,7368.19436383,6463486499.27,1531.14694791,598.136236695,71.4254279026,
835652740075.0,30808.4824486,6540.8729078,7371.61324568,6475838469.35,1537.14694775,598.150036788,71.5160601362,
837204107045.0,30878.6117267,6544.36709705,7374.9605103,6488266885.79,1543.17235345,598.163895749,71.6076317626,
838749925935.0,30948.4356539,6547.71101005,7378.24711325,6500774165.15,1549.22329028,598.177814157,71.7001706014,
840308390625.0,31019.5720016,6551.16124917,7381.563972,6513362768.77,1555.29988488,598.191797272,71.7937049425,
841863420072.0,31090.0241217,6554.69749985,7384.9104961,6526035203.04,1561.40226529,598.205840997,71.8882635472,
843424806994.0,31160.695546,6558.31635868,7388.15480456,6538794019.62,1567.53056093,598.219945932,71.9838756506,
844982770319.0,31231.8172345,6561.89040259,7391.48621285,6551641815.7,1573.68490269,598.234112685,72.0805709628,
846540066491.0,31301.3430428,6565.45844207,7394.84829757,6564581234.21,1579.86542284,598.248346458,72.1783796703,
848105208561.0,31373.5500216,6568.94879208,7398.12861872,6577614964.06,1586.07225514,598.262647507,72.2773324379,
849659506285.0,31444.5788829,6572.41515692,7401.5502391,6590745740.3,1592.30553476,598.277012214,72.3774604089,
851219471625.0,31515.9274225,6575.79315391,7404.92102766,6603976344.35,1598.56539839,598.291441215,72.4787952071,
852785950495.0,31587.5186509,6579.36352349,7408.22379666,6617309604.13,1604.85198415,598.305935155,72.5813689368,
854357255357.0,31659.1990418,6582.68225524,7411.60448385,6630748394.26,1611.16543169,598.320494684,72.6852141839,
855922788682.0,31730.4226179,6586.00876451,7414.96823088,6644295636.15,1617.50588215,598.335120463,72.790364016,
857489032698.0,31804.1165214,6589.50775104,7418.26701622,6657954298.19,1623.87347819,598.349813156,72.8968519832,
859057915592.0,31876.806507,6592.98474186,7421.64526301,6671727395.81,1630.26836399,598.364573438,73.0047121175,
860630790929.0,31950.2064322,6596.37416901,7424.91411629,6685617991.59,1636.69068529,598.379401989,73.1139789334,
862206412738.0,32021.5993535,6599.97631628,7428.15169448,6699629195.34,1643.14058936,598.394299499,73.2246874267,
863777931820.0,32093.5230188,6603.38262816,7431.49882784,6713764164.14,1649.61822505,598.409271356,73.336873075,
865339807369.0,32163.3042104,6606.98374796,7434.79449341,6728026102.42,1656.12374277,598.42431356,73.4505718362,
866902088982.0,32236.9212591,6610.50089127,7438.14850962,6742418261.94,1662.65729453,598.43942682,73.5658201478,
868477873752.0,32310.6232742,6614.0141086,7441.54648675,6756943941.83,1669.21903393,598.454611855,73.6826549258,
870051448415.0,32383.9661372,6617.52340673,7444.792088,6771606488.53,1675.80911617,598.469869392,73.8011135631,
871627189301.0,32456.8326327,6621.02879245,7448.10966306,6786409295.79,1682.42769808,598.485200163,73.9212339282,
873190456276.0,32529.4464415,6624.50327122,7451.50064592,6801355804.61,1689.07493813,598.500604909,74.0430543632,
874766111687.0,32600.9108294,6628.04562508,7454.83331024,6816449503.15,1695.75099641,598.516084379,74.1666136814,
876342196989.0,32672.8392681,6631.62704223,7458.1837632,6831693926.62,1702.45603467,598.53163933,74.2919511655,
877934490330.0,32746.132893,6635.12062648,7461.50693174,6847092657.19,1709.19021631,598.547270524,74.4191065648,
879504582021.0,32818.9177642,6638.52925448,7464.97780164,6862649323.82,1715.95370643,598.562978732,74.5481200922,
881088249292.0,32892.5407055,6642.00345888,7468.38695194,6878367602.12,1722.74667179,598.578764733,74.6790324214,
882679509104.0,32963.7336684,6645.54497496,7471.8230071,6894251214.13,1729.56928084,598.594629314,74.8118846836,
884278865925.0,33035.8270838,6649.0242077,7475.14134204,6910303928.14,1736.42170375,598.610573268,74.9467184635,
885858740235.0,33109.069748,6652.44301766,7478.40184545,6926529558.44,1743.30411239,598.626597396,75.0835757962,
887454641911.0,33183.6018149,6655.96912741,7481.65838075,6942931965.06,1750.21668035,598.642702507,75.2224991622,
889045599758.0,33255.6344203,6659.53564532,7484.94550803,6959515053.48,1757.15958295,598.658889418,75.3635314839,
890628269022.0,33324.7569755,6662.95920477,7488.31537926,6976282774.35,1764.13299728,598.675158953,75.5067161204,
892207206285.0,33397.8031663,6666.4626621,7491.57949169,6993239123.13,1771.13710213,598.691511944,75.6520968628,
893807509881.0,33469.5157867,6669.80891613,7494.89203266,7010388139.74,1778.1720781,598.70794923,75.7997179291,
895399327857.0,33544.1671941,6673.20320071,7498.20422263,7027733908.18,1785.23810752,598.724471659,75.9496239587,
897003001408.0,33614.2458496,6676.59242389,7501.64282111,7045280556.13,1792.33537451,598.741080084,76.1018600068,
898593175784.0,33685.1129167,6680.00376671,7505.05230082,7063032254.5,1799.464065,598.757780097,76.2564715382,
900178737486.0,33759.1256051,6683.37797442,7508.44002436,7080993216.97,1806.62436668,598.774567828,76.4135044214,
901764706489.0,33832.5341863,6686.73443987,7511.90651951,7099167699.54,1813.81646907,598.791444156,76.5730049218,
903363042871.0,33903.5383502,6690.11984532,7515.41491389,7117559999.97,1821.04056348,598.808409965,76.7350196951,
904959458045.0,33979.1991649,6693.50336468,7518.76198351,7136174457.27,1828.29684305,598.825466149,76.8995957803,
906556950004.0,34054.6219864,6696.77728446,7522.06721032,7155015451.14,1835.58550275,598.842617702,77.0667805922,
908167477012.0,34127.4083896,6700.18695287,7525.41141328,7174087401.36,1842.90673939,598.859861429,77.236621914,
909766166997.0,34201.8739311,6703.40028513,7528.67482364,7193394767.21,1850.26075163,598.877198246,77.4091678897,
911382373620.0,34275.8604827,6706.78840978,7532.13505012,7212942046.79,1857.64773995,598.894629079,77.5844670154,
912981178012.0,34351.0734522,6710.14460064,7535.50862499,7232733776.36,1865.06790672,598.912154858,77.7625681315,
914601415580.0,34423.9390799,6713.67940245,7538.88977703,7252774529.71,1872.52145616,598.929776524,77.9435204141,
916209444919.0,34497.7608877,6716.93502954,7542.38423432,7273068917.33,1880.00859438,598.947495025,78.1273733658,
917817469105.0,34572.0010086,6720.4292076,7545.79429405,7293621585.77,1887.52952935,598.965311316,78.3141768071,
919427330848.0,34642.3904224,6723.7869358,7549.17888998,7314437216.82,1895.08447095,598.983226361,78.5039808668,
921033949471.0,34715.0126208,6727.27878015,7552.69356449,7335520526.73,1902.67363094,599.00124113,78.6968359725,
922633841523.0,34786.7178467,6730.78612678,7556.05088093,7356876265.4,1910.29722297,599.019356603,78.892792841,
924233450915.0,34859.3670403,6734.24578839,7559.4119881,7378509215.54,1917.95546261,599.037573767,79.0919024681,
925836145084.0,34933.2628058,6737.35892176,7562.75465973,7400424191.77,1925.64856736,599.055893616,79.2942161187,
927449245871.0,35010.7609709,6740.50841325,7566.20625232,7422626039.81,1933.3767566,599.074317154,79.4997853163,
929062309148.0,35081.9391667,6743.55590674,7569.69270265,7445119635.48,1941.14025167,599.092845392,79.7086618321,
930666239348.0,35157.0445166,6746.81429525,7573.09822141,7467909883.86,1948.93927581,599.111479348,79.9208976749,
932276071020.0,35231.9700403,6749.98353965,7576.53402769,7491001718.26,1956.77405423,599.130220049,80.1365450796,
933891905067.0,35305.9910228,6753.44549661,7579.96894258,7514400099.3,1964.64481406,599.14906853,80.3556564962,
935524180497.0,35380.0388164,6756.80500249,7583.23405096,7538110013.9,1972.55178438,599.168025833,80.5782845787,
937141371532.0,35455.1015973,6759.99078845,7586.66160374,7562136474.24,1980.49519621,599.18709301,80.8044821737,
938760803626.0,35529.0537272,6763.25955565,7590.12626537,7586484516.79,1988.47528254,599.206271119,81.0343023086,
940386756691.0,35603.031875,6766.60306278,7593.53202709,7611159201.2,1996.49227833,599.225561228,81.26779818,
942009422903.0,35678.3817294,6769.86758076,7596.9067132,7636165609.29,2004.54642049,599.24496441,81.505023142,
943635018888.0,35753.5448798,6773.0966212,7600.41089328,7661508843.92,2012.63794789,599.264481751,81.7460306942,
945258913538.0,35824.9531286,6776.26614449,7603.9405862,7687194027.92,2020.7671014,599.28411434,81.9908744697,
946885799759.0,35899.8975638,6779.54474754,7607.30325088,7713226302.98,2028.93412384,599.303863277,82.2396082231,
948512539510.0,35975.2861639,6782.67291697,7610.84352268,7739610828.52,2037.13926004,599.32372967,82.4922858182,
950139904445.0,36051.8289611,6785.85343389,7614.32900917,7766352780.53,2045.3827568,599.343714635,82.7489612158,
951769576912.0,36126.9994637,6789.33856903,7617.75188643,7793457350.48,2053.66486289,599.363819296,83.0096884615,
953422827980.0,36194.9833417,6792.67223008,7621.35885448,7820929744.1,2061.9858291,599.384044785,83.2745216734,
955040447310.0,36272.5401955,6795.83757013,7624.79976861,7848775180.26,2070.34590819,599.404392243,83.5435150299,
956661919912.0,36345.8870226,6799.06421514,7628.40777897,7876998889.75,2078.74535495,599.424862818,83.816722757,
958295457791.0,36417.245442,6802.37176571,7631.90188267,7905606114.14,2087.18442613,599.445457668,84.0941991165,
959913235235.0,36492.4430138,6805.80949554,7635.45787988,7934602104.56,2095.66338051,599.466177959,84.3759983931,
961543605032.0,36568.6802989,6809.20808778,7638.98856129,7963992120.53,2104.18247886,599.487024863,84.6621748828,
963178646993.0,36643.6229411,6812.66217047,7642.18385774,7993781428.74,2112.74198396,599.507999564,84.9527828802,
964826058121.0,36715.830422,6815.84112726,7645.88964848,8023975301.88,2121.34216059,599.529103252,85.2478766666,
966464147351.0,36789.3693359,6818.8758239,7649.32274342,8054579017.4,2129.98327556,599.550337126,85.5475104979,
968110397148.0,36862.0417271,6821.86769495,7652.77915171,8085597856.34,2138.66559767,599.571702394,85.8517385924,
969738677052.0,36935.5157902,6824.92099137,7656.20393002,8117037102.13,2147.38939774,599.593200271,86.1606151193,
971364051433.0,37009.8333384,6827.92193251,7659.75570382,8148902039.37,2156.1549486,599.614831983,86.4741941865,
973011342726.0,37084.9987367,6831.00667481,7663.44032295,8181197952.68,2164.9625251,599.636598762,86.7925298296,
974641271087.0,37159.4127949,6834.22809048,7667.05625346,8213930125.45,2173.8124041,599.65850185,87.1156759995,
976290354941.0,37234.3923848,6837.71345261,7670.43786068,8247103838.72,2182.70486447,599.680542496,87.4436865521,
977932533554.0,37309.1350997,6841.11160221,7673.84223834,8280724369.97,2191.64018711,599.702721961,87.7766152362,
979573324444.0,37385.5636075,6844.44142232,7677.39521437,8314796991.95,2200.61865492,599.725041511,88.1145156834,
981209684234.0,37458.4177394,6847.70211728,7680.76801543,8349326971.56,2209.64055282,599.747502423,88.4574413965,
982858767809.0,37534.3352218,6851.06163985,7684.15763396,8384319568.66,2218.70616775,599.770105981,88.8054457395,
984498460195.0,37609.3541459,6854.28762837,7687.61065398,8419780034.97,2227.81578866,599.792853479,89.1585819271,
986132398173.0,37684.9260497,6857.51052503,7691.37273492,8455713612.93,2236.96970651,599.815746219,89.5169030144,
987791137939.0,37763.4077689,6860.77814135,7694.89849231,8492125534.62,2246.16821428,599.838785512,89.8804618872,
989440727317.0,37839.7408574,6863.64501807,7698.45711766,8529021020.63,2255.41160695,599.861972679,90.2493112525,
991106404021.0,37916.1628952,6866.96255188,7702.11493992,8566405279.04,2264.70018153,599.885309048,90.6235036287,
992768846811.0,37990.8483353,6870.27677218,7705.75753146,8604283504.3,2274.03423702,599.908795956,91.0030913371,
994430741946.0,38066.6437561,6873.37930894,7709.32709822,8642660876.26,2283.41407443,599.932434751,91.3881264925,
996080672537.0,38141.8748781,6876.48820938,7712.80435852,8681542559.12,2292.83999678,599.956226787,91.7786609952,
997730786945.0,38218.1748144,6879.86979497,7716.41764105,8720933700.43,2302.3123091,599.98017343,92.1747465224,
999381067993.0,38294.976284,6883.18348022,7720.0637725,8760839430.12,2311.8313184,600.004276052,92.5764345206,
1.001054747e+12,38370.3109613,6886.49412232,7723.64022494,8801264859.56,2321.39733371,600.028536037,92.9837761977,
1.00269979239e+12,38446.2195683,6889.46487784,7727.0887305,8842215080.62,2331.01066603,600.052954775,93.3968225162,
1.00434497382e+12,38527.404442,6892.67183338,7730.40634679,8883695164.79,2340.67162839,600.077533669,93.8156241858,
1.00600524451e+12,38601.6484037,6895.72974311,7733.95194104,8925710162.26,2350.38053577,600.102274126,94.240231657,
1.00767993997e+12,38679.7360459,6899.04418945,7737.66076027,8968265101.09,2360.13770516,600.127177568,94.670695115,
1.00933811252e+12,38755.0839048,6902.17446839,7741.32324837,9011364986.41,2369.94345553,600.152245421,95.1070644733,
1.0109846311e+12,38833.1157657,6905.21003271,7744.852184,9055014799.57,2379.79810782,600.177479123,95.549389369,
1.01264249242e+12,38911.2753162,6908.08061543,7748.34614516,9099219497.41,2389.70198495,600.202880122,95.9977191567,
1.01431132706e+12,38987.7471353,6910.97380674,7751.86304451,9143984011.49,2399.65541182,600.228449873,96.4521029042,
1.0159843123e+12,39067.6599138,6913.8015704,7755.45016465,9189313247.41,2409.65871528,600.254189842,96.9125893878,
1.01764873915e+12,39147.1295672,6916.66270039,7759.05817822,9235212084.09,2419.71222416,600.280101504,97.3792270884,
1.0193101404e+12,39225.832231,6919.77781838,7762.62694813,9281685373.12,2429.81626923,600.306186342,97.8520641875,
1.0209755646e+12,39303.4016427,6922.94783083,7766.15969639,9328737938.17,2439.97118323,600.332445852,98.331148564,
1.0226458412e+12,39379.0480267,6926.13427834,7769.98856973,9376374574.36,2450.17730085,600.358881536,98.8165277909,
1.02432835116e+12,39456.7885642,6929.21867332,7773.51770181,9424600047.7,2460.4349587,600.385494908,99.3082491331,
1.0259798599e+12,39533.8583324,6932.39377651,7777.21814898,9473419094.59,2470.74449535,600.412287489,99.8063595447,
1.02765471886e+12,39610.1018219,6935.54710769,7781.02262171,9522836421.27,2481.10625129,600.439260812,100.310905667,
1.02932762474e+12,39687.7437217,6938.49345584,7784.73494304,9572856703.39,2491.52056895,600.466416418,100.821933828,
1.03099633555e+12,39764.7377067,6941.36977098,7788.46806623,9623484585.55,2501.98779266,600.493755861,101.339490039,
1.03265145718e+12,39845.4083699,6944.30229305,7792.1962722,9674724680.9,2512.50826869,600.5212807,101.863619996,
1.0343142653e+12,39924.460932,6947.36473035,7795.68744418,9726581570.76,2523.0823452,600.548992506,102.394369078,
1.03599728718e+12,40005.1332735,6950.44598657,7799.35421399,9779059804.3,2533.71037225,600.576892862,102.931782347,
1.03767872076e+12,40083.8548834,6953.50469747,7802.90069004,9832163898.16,2544.39270181,600.604983358,103.475904549,
1.03935071203e+12,40162.2218718,6956.84433347,7806.55346249,9885898336.25,2555.12968774,600.633265594,104.026780113,
1.04102048102e+12,40243.0115202,6960.07092104,7810.18660932,9940267569.45,2565.92168576,600.661741182,104.584453152,
1.04270293208e+12,40320.8478316,6963.05068659,7813.85639896,9995276015.38,2576.76905348,600.690411743,105.148967468,
1.04439633878e+12,40393.9380929,6966.15807404,7817.42914145,10050928058.2,2587.67215038,600.719278907,105.720366546,
1.04607801935e+12,40470.8441436,6969.28936383,7820.93174294,10107228048.6,2598.63133779,600.748344316,106.298693564,
1.04776662972e+12,40544.7801678,6972.35379836,7824.68031791,10164180303.4,2609.64697891,600.777609621,106.883991389,
1.04941497043e+12,40618.0398239,6975.35709019,7828.22753622,10221789105.6,2620.71943877,600.807076484,107.476302583,
1.05109529945e+12,40694.7083243,6978.21416078,7832.05294823,10280058704.4,2631.84908423,600.836746576,108.075669405,
1.05276678591e+12,40772.9277104,6981.20882529,7835.65190928,10338993315.0,2643.03628399,600.86662158,108.682133812,
1.05445662527e+12,40852.4136253,6984.24433379,7839.26097678,10398597118.5,2654.28140858,600.896703188,109.295737464,
1.05615063739e+12,40931.4878324,6987.26408496,7842.92808302,10458874262.2,2665.58483032,600.926993103,109.91652173,
1.05784057763e+12,41010.7292165,6990.47127691,7846.5731657,10519828859.4,2676.94692336,600.957493039,110.544527688,
1.05952666337e+12,41086.6607401,6993.25712194,7850.19534217,10581464989.5,2688.36806362,600.98820472,111.179796128,
1.0612112864e+12,41162.6265366,6996.31506774,7853.74367563,10643786698.3,2699.84862881,601.01912988,111.822367562,
1.06288954976e+12,41238.0981749,6999.44609878,7857.60434908,10706797997.7,2711.38899844,601.050270265,112.472282224,
1.06457058016e+12,41317.9750481,7002.38580396,7861.39461495,10770502866.1,2722.98955376,601.08162763,113.129580078,
1.06625788692e+12,41395.1457123,7005.30871474,7865.16058548,10834905248.7,2734.6506778,601.113207534,113.794300819,
1.06795809863e+12,41470.8759947,7008.34868371,7868.86250586,10900009057.4,2746.37275532,601.145007954,114.466483882,
1.06964114829e+12,41548.6243737,7011.11115136,7872.58382269,10965818171.0,2758.15617284,601.177030678,115.146168446,
1.07134281528e+12,41625.9287718,7014.12675212,7876.15254016,11032336435.6,2770.00131859,601.209277504,115.833393438,
1.07304793829e+12,41702.7550632,7017.08959661,7879.89783816,11099567664.9,2781.90858254,601.241750245,116.528197544,
1.07472878036e+12,41782.963419,7020.32460707,7883.5994169,11167515640.2,2793.87835637,601.27445072,117.230619208,
1.07640514394e+12,41860.0809253,7023.27645982,7887.25559956,11236184110.9,2805.91103343,601.307380762,117.940696645,
1.07810059006e+12,41937.3969646,7026.12279872,7890.97879646,11305576794.7,2818.0070088,601.340542215,118.658467843,
1.07979107167e+12,42013.3136859,7029.27844562,7894.7792527,11375697377.9,2830.16667922,601.373936935,119.38397057,
1.08148851132e+12,42088.1458487,7032.10263366,7898.4807271,11446549515.9,2842.39044311,601.407566786,120.117242382,
1.08317439222e+12,42169.5210279,7034.68644744,7902.15453822,11518136833.4,2854.67870052,601.441433647,120.85832063,
1.08487216368e+12,42249.3576024,7037.50024518,7906.21847439,11590462924.8,2867.0318532,601.475539406,121.607242466,
1.08658977562e+12,42331.1852844,7040.59409688,7909.82426894,11663531354.5,2879.45030449,601.509885964,122.364044849,
1.08827435911e+12,42408.6275956,7043.45796339,7913.72854356,11737345657.5,2891.93445937,601.544475233,123.128764554,
1.08995060428e+12,42487.4940949,7046.36782639,7917.3318131,11811909339.8,2904.48472446,601.579309136,123.901438181,
1.09163602668e+12,42568.8149238,7049.05888276,7921.05076301,11887225878.4,2917.10150796,601.614389608,124.682102156,
1.09332461542e+12,42648.0780722,7052.02294957,7924.77022557,11963298722.3,2929.78521967,601.649718597,125.470792747,
1.09501615538e+12,42723.8356817,7054.84802392,7928.43331055,12040131292.6,2942.53627097,601.685298061,126.267546062,
1.09672409609e+12,42803.4421096,7057.74039404,7932.11194582,12117726983.2,2955.35507482,601.721133479,127.072398067,
1.0984398887e+12,42884.8764641,7060.7878378,7935.82247116,12196089160.9,2968.24204573,601.75722679,127.885384583,
1.1001539582e+12,42961.2223365,7063.61717761,7939.47723694,12275221166.2,2981.19759977,601.793576507,128.706541304,
